0.0546875   4.78249e+06
0.164062   5.91617e+06
0.273438   6.84496e+06
0.382812   7.66399e+06
0.492188   8.40367e+06
0.601562   9.07732e+06
0.710938   9.69157e+06
0.820312   1.02499e+07
0.929688   1.07544e+07
1.03906   1.12059e+07
1.14844   1.1605e+07
1.25781   1.19519e+07
1.36719   1.22464e+07
1.47656   1.24884e+07
1.58594   1.26777e+07
1.69531   1.28137e+07
1.80469   1.28962e+07
1.91406   1.29247e+07
2.02344   1.28986e+07
2.13281   1.28175e+07
2.24219   1.26807e+07
2.35156   1.24877e+07
2.46094   1.22376e+07
2.57031   1.19294e+07
2.67969   1.15618e+07
2.78906   1.1133e+07
2.89844   1.06404e+07
3.00781   1.00796e+07
3.11719   9.44334e+06
3.22656   8.71744e+06
3.33594   7.87084e+06
3.44531   6.8071e+06
3.50781   2.7839e+09
3.52344   2.31684e+09
3.53906   2.00722e+09
3.55469   1.77929e+09
3.57031   1.60342e+09
3.58594   1.46341e+09
3.60156   1.34932e+09
3.61719   1.25472e+09
3.63281   1.17519e+09
3.64844   1.10763e+09
3.66406   1.04974e+09
3.67969   9.99783e+08
3.69531   9.56426e+08
3.71094   9.18608e+08
3.72656   8.85479e+08
3.74219   8.56349e+08
3.75781   8.30652e+08
3.77344   8.07916e+08
3.78906   7.87748e+08
3.80469   7.69819e+08
3.82031   7.53848e+08
3.83594   7.39596e+08
3.85156   7.26859e+08
3.86719   7.15462e+08
3.88281   7.05253e+08
3.89844   6.96102e+08
3.91406   6.87894e+08
3.92969   6.80531e+08
3.94531   6.73925e+08
3.96094   6.68001e+08
3.97656   6.62691e+08
3.99219   6.57937e+08
4.00781   6.53688e+08
4.02344   6.49897e+08
4.03906   6.46524e+08
4.05469   6.43533e+08
4.07031   6.40892e+08
4.08594   6.38573e+08
4.10156   6.3655e+08
4.11719   6.34802e+08
4.13281   6.33308e+08
4.14844   6.3205e+08
4.16406   6.31013e+08
4.17969   6.30182e+08
4.19531   6.29545e+08
4.21094   6.2909e+08
4.22656   6.28808e+08
4.24219   6.28689e+08
4.25781   6.28726e+08
4.27344   6.28911e+08
4.28906   6.29239e+08
4.30469   6.29705e+08
4.32031   6.30303e+08
4.33594   6.31029e+08
4.35156   6.31881e+08
4.36719   6.32856e+08
4.38281   6.33951e+08
4.39844   6.35164e+08
4.41406   6.36495e+08
4.42969   6.37942e+08
4.44531   6.39505e+08
4.46094   6.41185e+08
4.47656   6.42982e+08
4.49219   6.44897e+08
4.50781   6.46931e+08
4.52344   6.49087e+08
4.53906   6.51367e+08
4.55469   6.53774e+08
4.57031   6.56312e+08
4.58594   6.58983e+08
4.60156   6.61794e+08
4.61719   6.64749e+08
4.63281   6.67853e+08
4.64844   6.71114e+08
4.66406   6.74539e+08
4.67969   6.78135e+08
4.69531   6.81912e+08
4.71094   6.8588e+08
4.72656   6.90049e+08
4.74219   6.94432e+08
4.75781   6.99043e+08
4.77344   7.03896e+08
4.78906   7.09007e+08
4.80469   7.14396e+08
4.82031   7.20081e+08
4.83594   7.26087e+08
4.85156   7.32436e+08
4.86719   7.39158e+08
4.88281   7.46283e+08
4.89844   7.53845e+08
4.91406   7.61881e+08
4.92969   7.70435e+08
4.94531   7.79555e+08
4.96094   7.89292e+08
4.97656   7.99707e+08
4.99219   8.10866e+08
5.00781   8.22846e+08
5.02344   8.3573e+08
5.03906   8.49614e+08
5.05469   8.64607e+08
5.07031   8.80832e+08
5.08594   8.98428e+08
5.10156   9.17554e+08
5.11719   9.38393e+08
5.13281   9.61154e+08
5.14844   9.86075e+08
5.16406   1.01343e+09
5.17969   1.04355e+09
5.19531   1.0768e+09
5.21094   1.11361e+09
5.22656   1.15449e+09
5.24219   1.20005e+09
5.25781   1.251e+09
5.27344   1.30819e+09
5.28906   1.37266e+09
5.30469   1.44564e+09
5.32031   1.52868e+09
5.33594   1.62369e+09
5.35156   1.7331e+09
5.36719   1.86001e+09
5.38281   2.00855e+09
5.39844   2.18433e+09
5.41406   2.39526e+09
5.42969   2.65292e+09
5.44531   2.97516e+09
5.46094   3.39107e+09
5.47656   3.95398e+09
5.49219   4.80045e+09
5.55469   1.07987e+07
5.66406   1.28006e+07
5.77344   1.44225e+07
5.88281   1.58375e+07
5.99219   1.71005e+07
6.10156   1.8236e+07
6.21094   1.92564e+07
6.32031   2.01687e+07
6.42969   2.09769e+07
6.53906   2.16835e+07
6.64844   2.22901e+07
6.75781   2.27974e+07
6.86719   2.32063e+07
6.97656   2.35168e+07
7.08594   2.37291e+07
7.19531   2.38433e+07
7.30469   2.38593e+07
7.41406   2.37768e+07
7.52344   2.35957e+07
7.63281   2.33156e+07
7.74219   2.29362e+07
7.85156   2.24567e+07
7.96094   2.18763e+07
8.07031   2.11937e+07
8.17969   2.04072e+07
8.28906   1.9514e+07
8.39844   1.85096e+07
8.50781   1.73868e+07
8.61719   1.61326e+07
8.72656   1.4722e+07
8.83594   1.30993e+07
8.94531   1.10893e+07
9.00781   4.9008e+09
9.02344   4.0483e+09
9.03906   3.48202e+09
9.05469   3.06415e+09
9.07031   2.74083e+09
9.08594   2.48269e+09
9.10156   2.2717e+09
9.11719   2.09616e+09
9.13281   1.94807e+09
9.14844   1.8218e+09
9.16406   1.71316e+09
9.17969   1.61901e+09
9.19531   1.53692e+09
9.21094   1.46496e+09
9.22656   1.40157e+09
9.24219   1.34549e+09
9.25781   1.2957e+09
9.27344   1.25133e+09
9.28906   1.21166e+09
9.30469   1.17609e+09
9.32031   1.14411e+09
9.33594   1.11527e+09
9.35156   1.08921e+09
9.36719   1.06561e+09
9.38281   1.04417e+09
9.39844   1.02467e+09
9.41406   1.0069e+09
9.42969   9.90669e+08
9.44531   9.7582e+08
9.46094   9.62214e+08
9.47656   9.49727e+08
9.49219   9.38252e+08
9.50781   9.27691e+08
9.52344   9.17961e+08
9.53906   9.08986e+08
9.55469   9.007e+08
9.57031   8.93043e+08
9.58594   8.85963e+08
9.60156   8.79412e+08
9.61719   8.73348e+08
9.63281   8.67733e+08
9.64844   8.62534e+08
9.66406   8.57721e+08
9.67969   8.53266e+08
9.69531   8.49145e+08
9.71094   8.45336e+08
9.72656   8.41819e+08
9.74219   8.38578e+08
9.75781   8.35595e+08
9.77344   8.32858e+08
9.78906   8.30352e+08
9.80469   8.28068e+08
9.82031   8.25994e+08
9.83594   8.24122e+08
9.85156   8.22444e+08
9.86719   8.20952e+08
9.88281   8.19641e+08
9.89844   8.18504e+08
9.91406   8.17539e+08
9.92969   8.16739e+08
9.94531   8.16104e+08
9.96094   8.15629e+08
9.97656   8.15314e+08
9.99219   8.15157e+08
10.0078   8.15157e+08
10.0234   8.15314e+08
10.0391   8.15629e+08
10.0547   8.16104e+08
10.0703   8.16739e+08
10.0859   8.17539e+08
10.1016   8.18504e+08
10.1172   8.19641e+08
10.1328   8.20952e+08
10.1484   8.22444e+08
10.1641   8.24122e+08
10.1797   8.25994e+08
10.1953   8.28068e+08
10.2109   8.30352e+08
10.2266   8.32858e+08
10.2422   8.35595e+08
10.2578   8.38578e+08
10.2734   8.41819e+08
10.2891   8.45336e+08
10.3047   8.49145e+08
10.3203   8.53266e+08
10.3359   8.57721e+08
10.3516   8.62534e+08
10.3672   8.67733e+08
10.3828   8.73348e+08
10.3984   8.79412e+08
10.4141   8.85963e+08
10.4297   8.93043e+08
10.4453   9.007e+08
10.4609   9.08986e+08
10.4766   9.17961e+08
10.4922   9.27691e+08
10.5078   9.38252e+08
10.5234   9.49727e+08
10.5391   9.62214e+08
10.5547   9.7582e+08
10.5703   9.90669e+08
10.5859   1.0069e+09
10.6016   1.02467e+09
10.6172   1.04417e+09
10.6328   1.06561e+09
10.6484   1.08921e+09
10.6641   1.11527e+09
10.6797   1.14411e+09
10.6953   1.17609e+09
10.7109   1.21166e+09
10.7266   1.25133e+09
10.7422   1.2957e+09
10.7578   1.34549e+09
10.7734   1.40157e+09
10.7891   1.46496e+09
10.8047   1.53692e+09
10.8203   1.61901e+09
10.8359   1.71316e+09
10.8516   1.8218e+09
10.8672   1.94807e+09
10.8828   2.09616e+09
10.8984   2.2717e+09
10.9141   2.48269e+09
10.9297   2.74083e+09
10.9453   3.06415e+09
10.9609   3.48202e+09
10.9766   4.0483e+09
10.9922   4.9008e+09
11.0547   1.10893e+07
11.1641   1.30993e+07
11.2734   1.4722e+07
11.3828   1.61326e+07
11.4922   1.73868e+07
11.6016   1.85096e+07
11.7109   1.9514e+07
11.8203   2.04072e+07
11.9297   2.11937e+07
12.0391   2.18763e+07
12.1484   2.24567e+07
12.2578   2.29362e+07
12.3672   2.33156e+07
12.4766   2.35957e+07
12.5859   2.37768e+07
12.6953   2.38593e+07
12.8047   2.38433e+07
12.9141   2.37291e+07
13.0234   2.35168e+07
13.1328   2.32063e+07
13.2422   2.27974e+07
13.3516   2.22901e+07
13.4609   2.16835e+07
13.5703   2.09769e+07
13.6797   2.01687e+07
13.7891   1.92564e+07
13.8984   1.8236e+07
14.0078   1.71005e+07
14.1172   1.58375e+07
14.2266   1.44225e+07
14.3359   1.28006e+07
14.4453   1.07987e+07
14.5078   4.80045e+09
14.5234   3.95398e+09
14.5391   3.39107e+09
14.5547   2.97516e+09
14.5703   2.65292e+09
14.5859   2.39526e+09
14.6016   2.18433e+09
14.6172   2.00855e+09
14.6328   1.86001e+09
14.6484   1.7331e+09
14.6641   1.62369e+09
14.6797   1.52868e+09
14.6953   1.44564e+09
14.7109   1.37266e+09
14.7266   1.30819e+09
14.7422   1.251e+09
14.7578   1.20005e+09
14.7734   1.15449e+09
14.7891   1.11361e+09
14.8047   1.0768e+09
14.8203   1.04355e+09
14.8359   1.01343e+09
14.8516   9.86075e+08
14.8672   9.61154e+08
14.8828   9.38393e+08
14.8984   9.17554e+08
14.9141   8.98428e+08
14.9297   8.80832e+08
14.9453   8.64607e+08
14.9609   8.49614e+08
14.9766   8.3573e+08
14.9922   8.22846e+08
15.0078   8.10866e+08
15.0234   7.99707e+08
15.0391   7.89292e+08
15.0547   7.79555e+08
15.0703   7.70435e+08
15.0859   7.61881e+08
15.1016   7.53845e+08
15.1172   7.46283e+08
15.1328   7.39158e+08
15.1484   7.32436e+08
15.1641   7.26087e+08
15.1797   7.20081e+08
15.1953   7.14396e+08
15.2109   7.09007e+08
15.2266   7.03896e+08
15.2422   6.99043e+08
15.2578   6.94432e+08
15.2734   6.90049e+08
15.2891   6.8588e+08
15.3047   6.81912e+08
15.3203   6.78135e+08
15.3359   6.74539e+08
15.3516   6.71114e+08
15.3672   6.67853e+08
15.3828   6.64749e+08
15.3984   6.61794e+08
15.4141   6.58983e+08
15.4297   6.56312e+08
15.4453   6.53774e+08
15.4609   6.51367e+08
15.4766   6.49087e+08
15.4922   6.46931e+08
15.5078   6.44897e+08
15.5234   6.42982e+08
15.5391   6.41185e+08
15.5547   6.39505e+08
15.5703   6.37942e+08
15.5859   6.36495e+08
15.6016   6.35164e+08
15.6172   6.33951e+08
15.6328   6.32856e+08
15.6484   6.31881e+08
15.6641   6.31029e+08
15.6797   6.30303e+08
15.6953   6.29705e+08
15.7109   6.29239e+08
15.7266   6.28911e+08
15.7422   6.28726e+08
15.7578   6.28689e+08
15.7734   6.28808e+08
15.7891   6.2909e+08
15.8047   6.29545e+08
15.8203   6.30182e+08
15.8359   6.31013e+08
15.8516   6.3205e+08
15.8672   6.33308e+08
15.8828   6.34802e+08
15.8984   6.3655e+08
15.9141   6.38573e+08
15.9297   6.40892e+08
15.9453   6.43533e+08
15.9609   6.46524e+08
15.9766   6.49897e+08
15.9922   6.53688e+08
16.0078   6.57937e+08
16.0234   6.62691e+08
16.0391   6.68001e+08
16.0547   6.73925e+08
16.0703   6.80531e+08
16.0859   6.87894e+08
16.1016   6.96102e+08
16.1172   7.05253e+08
16.1328   7.15462e+08
16.1484   7.26859e+08
16.1641   7.39596e+08
16.1797   7.53848e+08
16.1953   7.69819e+08
16.2109   7.87748e+08
16.2266   8.07916e+08
16.2422   8.30652e+08
16.2578   8.56349e+08
16.2734   8.85479e+08
16.2891   9.18608e+08
16.3047   9.56426e+08
16.3203   9.99783e+08
16.3359   1.04974e+09
16.3516   1.10763e+09
16.3672   1.17519e+09
16.3828   1.25472e+09
16.3984   1.34932e+09
16.4141   1.46341e+09
16.4297   1.60342e+09
16.4453   1.77929e+09
16.4609   2.00722e+09
16.4766   2.31684e+09
16.4922   2.7839e+09
16.5547   6.8071e+06
16.6641   7.87084e+06
16.7734   8.71744e+06
16.8828   9.44334e+06
16.9922   1.00796e+07
17.1016   1.06404e+07
17.2109   1.1133e+07
17.3203   1.15618e+07
17.4297   1.19294e+07
17.5391   1.22376e+07
17.6484   1.24877e+07
17.7578   1.26807e+07
17.8672   1.28175e+07
17.9766   1.28986e+07
18.0859   1.29247e+07
18.1953   1.28962e+07
18.3047   1.28137e+07
18.4141   1.26777e+07
18.5234   1.24884e+07
18.6328   1.22464e+07
18.7422   1.19519e+07
18.8516   1.1605e+07
18.9609   1.12059e+07
19.0703   1.07544e+07
19.1797   1.02499e+07
19.2891   9.69157e+06
19.3984   9.07732e+06
19.5078   8.40367e+06
19.6172   7.66399e+06
19.7266   6.84496e+06
19.8359   5.91617e+06
19.9453   4.78249e+06

0.00341797   1.3806e+08
0.0102539   1.39867e+08
0.0170898   1.41563e+08
0.0239258   1.43178e+08
0.0307617   1.44729e+08
0.0375977   1.46227e+08
0.0444336   1.47679e+08
0.0512695   1.49091e+08
0.0581055   1.50467e+08
0.0649414   1.51811e+08
0.0717773   1.53124e+08
0.0786133   1.5441e+08
0.0854492   1.55671e+08
0.0922852   1.56907e+08
0.0991211   1.58121e+08
0.105957   1.59313e+08
0.112793   1.60485e+08
0.119629   1.61637e+08
0.126465   1.62772e+08
0.133301   1.63889e+08
0.140137   1.6499e+08
0.146973   1.66075e+08
0.153809   1.67145e+08
0.160645   1.682e+08
0.16748   1.69242e+08
0.174316   1.7027e+08
0.181152   1.71286e+08
0.187988   1.7229e+08
0.194824   1.73282e+08
0.20166   1.74263e+08
0.208496   1.75232e+08
0.215332   1.76192e+08
0.222168   1.77141e+08
0.229004   1.78081e+08
0.23584   1.79011e+08
0.242676   1.79932e+08
0.249512   1.80844e+08
0.256348   1.81748e+08
0.263184   1.82644e+08
0.27002   1.83532e+08
0.276855   1.84411e+08
0.283691   1.85284e+08
0.290527   1.86149e+08
0.297363   1.87007e+08
0.304199   1.87858e+08
0.311035   1.88703e+08
0.317871   1.89541e+08
0.324707   1.90373e+08
0.331543   1.91199e+08
0.338379   1.92018e+08
0.345215   1.92832e+08
0.352051   1.93641e+08
0.358887   1.94443e+08
0.365723   1.95241e+08
0.372559   1.96033e+08
0.379395   1.9682e+08
0.38623   1.97602e+08
0.393066   1.9838e+08
0.399902   1.99152e+08
0.406738   1.9992e+08
0.413574   2.00684e+08
0.42041   2.01443e+08
0.427246   2.02197e+08
0.434082   2.02948e+08
0.440918   2.03694e+08
0.447754   2.04437e+08
0.45459   2.05175e+08
0.461426   2.05909e+08
0.468262   2.0664e+08
0.475098   2.07367e+08
0.481934   2.08091e+08
0.48877   2.08811e+08
0.495605   2.09527e+08
0.502441   2.1024e+08
0.509277   2.1095e+08
0.516113   2.11657e+08
0.522949   2.1236e+08
0.529785   2.1306e+08
0.536621   2.13757e+08
0.543457   2.14452e+08
0.550293   2.15143e+08
0.557129   2.15831e+08
0.563965   2.16516e+08
0.570801   2.17199e+08
0.577637   2.17879e+08
0.584473   2.18556e+08
0.591309   2.19231e+08
0.598145   2.19903e+08
0.60498   2.20572e+08
0.611816   2.21239e+08
0.618652   2.21904e+08
0.625488   2.22566e+08
0.632324   2.23226e+08
0.63916   2.23883e+08
0.645996   2.24538e+08
0.652832   2.25191e+08
0.659668   2.25842e+08
0.666504   2.2649e+08
0.67334   2.27136e+08
0.680176   2.2778e+08
0.687012   2.28423e+08
0.693848   2.29063e+08
0.700684   2.29701e+08
0.70752   2.30337e+08
0.714355   2.30971e+08
0.721191   2.31603e+08
0.728027   2.32233e+08
0.734863   2.32862e+08
0.741699   2.33489e+08
0.748535   2.34113e+08
0.755371   2.34736e+08
0.762207   2.35358e+08
0.769043   2.35977e+08
0.775879   2.36595e+08
0.782715   2.37211e+08
0.789551   2.37826e+08
0.796387   2.38439e+08
0.803223   2.3905e+08
0.810059   2.39659e+08
0.816895   2.40268e+08
0.82373   2.40874e+08
0.830566   2.41479e+08
0.837402   2.42083e+08
0.844238   2.42685e+08
0.851074   2.43285e+08
0.85791   2.43884e+08
0.864746   2.44482e+08
0.871582   2.45078e+08
0.878418   2.45673e+08
0.885254   2.46267e+08
0.89209   2.46859e+08
0.898926   2.47449e+08
0.905762   2.48039e+08
0.912598   2.48627e+08
0.919434   2.49214e+08
0.92627   2.49799e+08
0.933105   2.50384e+08
0.939941   2.50967e+08
0.946777   2.51549e+08
0.953613   2.52129e+08
0.960449   2.52709e+08
0.967285   2.53287e+08
0.974121   2.53864e+08
0.980957   2.5444e+08
0.987793   2.55014e+08
0.994629   2.55588e+08
1.00146   2.5616e+08
1.0083   2.56731e+08
1.01514   2.57302e+08
1.02197   2.57871e+08
1.02881   2.58439e+08
1.03564   2.59006e+08
1.04248   2.59571e+08
1.04932   2.60136e+08
1.05615   2.607e+08
1.06299   2.61263e+08
1.06982   2.61824e+08
1.07666   2.62385e+08
1.0835   2.62945e+08
1.09033   2.63504e+08
1.09717   2.64061e+08
1.104   2.64618e+08
1.11084   2.65174e+08
1.11768   2.65729e+08
1.12451   2.66283e+08
1.13135   2.66836e+08
1.13818   2.67388e+08
1.14502   2.67939e+08
1.15186   2.68489e+08
1.15869   2.69038e+08
1.16553   2.69587e+08
1.17236   2.70134e+08
1.1792   2.70681e+08
1.18604   2.71227e+08
1.19287   2.71772e+08
1.19971   2.72316e+08
1.20654   2.72859e+08
1.21338   2.73401e+08
1.22021   2.73943e+08
1.22705   2.74484e+08
1.23389   2.75024e+08
1.24072   2.75563e+08
1.24756   2.76101e+08
1.25439   2.76639e+08
1.26123   2.77175e+08
1.26807   2.77711e+08
1.2749   2.78246e+08
1.28174   2.78781e+08
1.28857   2.79314e+08
1.29541   2.79847e+08
1.30225   2.80379e+08
1.30908   2.80911e+08
1.31592   2.81441e+08
1.32275   2.81971e+08
1.32959   2.825e+08
1.33643   2.83029e+08
1.34326   2.83556e+08
1.3501   2.84083e+08
1.35693   2.84609e+08
1.36377   2.85135e+08
1.37061   2.8566e+08
1.37744   2.86184e+08
1.38428   2.86707e+08
1.39111   2.8723e+08
1.39795   2.87752e+08
1.40479   2.88274e+08
1.41162   2.88794e+08
1.41846   2.89315e+08
1.42529   2.89834e+08
1.43213   2.90353e+08
1.43896   2.90871e+08
1.4458   2.91388e+08
1.45264   2.91905e+08
1.45947   2.92421e+08
1.46631   2.92937e+08
1.47314   2.93452e+08
1.47998   2.93966e+08
1.48682   2.9448e+08
1.49365   2.94993e+08
1.50049   2.95505e+08
1.50732   2.96017e+08
1.51416   2.96528e+08
1.521   2.97039e+08
1.52783   2.97549e+08
1.53467   2.98058e+08
1.5415   2.98567e+08
1.54834   2.99075e+08
1.55518   2.99583e+08
1.56201   3.0009e+08
1.56885   3.00596e+08
1.57568   3.01102e+08
1.58252   3.01607e+08
1.58936   3.02112e+08
1.59619   3.02616e+08
1.60303   3.0312e+08
1.60986   3.03623e+08
1.6167   3.04126e+08
1.62354   3.04628e+08
1.63037   3.05129e+08
1.63721   3.0563e+08
1.64404   3.0613e+08
1.65088   3.0663e+08
1.65771   3.07129e+08
1.66455   3.07628e+08
1.67139   3.08126e+08
1.67822   3.08624e+08
1.68506   3.09121e+08
1.69189   3.09617e+08
1.69873   3.10114e+08
1.70557   3.10609e+08
1.7124   3.11104e+08
1.71924   3.11599e+08
1.72607   3.12093e+08
1.73291   3.12586e+08
1.73975   3.13079e+08
1.74658   3.13572e+08
1.75342   3.14064e+08
1.76025   3.14556e+08
1.76709   3.15047e+08
1.77393   3.15537e+08
1.78076   3.16027e+08
1.7876   3.16517e+08
1.79443   3.17006e+08
1.80127   3.17495e+08
1.80811   3.17983e+08
1.81494   3.18471e+08
1.82178   3.18958e+08
1.82861   3.19445e+08
1.83545   3.19931e+08
1.84229   3.20417e+08
1.84912   3.20902e+08
1.85596   3.21387e+08
1.86279   3.21871e+08
1.86963   3.22355e+08
1.87646   3.22839e+08
1.8833   3.23322e+08
1.89014   3.23804e+08
1.89697   3.24287e+08
1.90381   3.24768e+08
1.91064   3.2525e+08
1.91748   3.2573e+08
1.92432   3.26211e+08
1.93115   3.26691e+08
1.93799   3.2717e+08
1.94482   3.27649e+08
1.95166   3.28128e+08
1.9585   3.28606e+08
1.96533   3.29084e+08
1.97217   3.29562e+08
1.979   3.30039e+08
1.98584   3.30515e+08
1.99268   3.30991e+08
1.99951   3.31467e+08
2.00635   3.31942e+08
2.01318   3.32417e+08
2.02002   3.32891e+08
2.02686   3.33365e+08
2.03369   3.33839e+08
2.04053   3.34312e+08
2.04736   3.34785e+08
2.0542   3.35258e+08
2.06104   3.3573e+08
2.06787   3.36201e+08
2.07471   3.36672e+08
2.08154   3.37143e+08
2.08838   3.37614e+08
2.09521   3.38084e+08
2.10205   3.38553e+08
2.10889   3.39023e+08
2.11572   3.39491e+08
2.12256   3.3996e+08
2.12939   3.40428e+08
2.13623   3.40896e+08
2.14307   3.41363e+08
2.1499   3.4183e+08
2.15674   3.42296e+08
2.16357   3.42763e+08
2.17041   3.43228e+08
2.17725   3.43694e+08
2.18408   3.44159e+08
2.19092   3.44624e+08
2.19775   3.45088e+08
2.20459   3.45552e+08
2.21143   3.46015e+08
2.21826   3.46479e+08
2.2251   3.46941e+08
2.23193   3.47404e+08
2.23877   3.47866e+08
2.24561   3.48328e+08
2.25244   3.48789e+08
2.25928   3.4925e+08
2.26611   3.49711e+08
2.27295   3.50171e+08
2.27979   3.50631e+08
2.28662   3.51091e+08
2.29346   3.5155e+08
2.30029   3.52009e+08
2.30713   3.52468e+08
2.31396   3.52926e+08
2.3208   3.53384e+08
2.32764   3.53841e+08
2.33447   3.54298e+08
2.34131   3.54755e+08
2.34814   3.55212e+08
2.35498   3.55668e+08
2.36182   3.56124e+08
2.36865   3.56579e+08
2.37549   3.57034e+08
2.38232   3.57489e+08
2.38916   3.57944e+08
2.396   3.58398e+08
2.40283   3.58852e+08
2.40967   3.59305e+08
2.4165   3.59758e+08
2.42334   3.60211e+08
2.43018   3.60664e+08
2.43701   3.61116e+08
2.44385   3.61568e+08
2.45068   3.62019e+08
2.45752   3.6247e+08
2.46436   3.62921e+08
2.47119   3.63372e+08
2.47803   3.63822e+08
2.48486   3.64272e+08
2.4917   3.64722e+08
2.49854   3.65171e+08
2.50537   3.6562e+08
2.51221   3.66069e+08
2.51904   3.66517e+08
2.52588   3.66965e+08
2.53271   3.67413e+08
2.53955   3.6786e+08
2.54639   3.68307e+08
2.55322   3.68754e+08
2.56006   3.69201e+08
2.56689   3.69647e+08
2.57373   3.70093e+08
2.58057   3.70538e+08
2.5874   3.70984e+08
2.59424   3.71429e+08
2.60107   3.71873e+08
2.60791   3.72318e+08
2.61475   3.72762e+08
2.62158   3.73206e+08
2.62842   3.73649e+08
2.63525   3.74093e+08
2.64209   3.74535e+08
2.64893   3.74978e+08
2.65576   3.7542e+08
2.6626   3.75862e+08
2.66943   3.76304e+08
2.67627   3.76746e+08
2.68311   3.77187e+08
2.68994   3.77628e+08
2.69678   3.78068e+08
2.70361   3.78509e+08
2.71045   3.78949e+08
2.71729   3.79389e+08
2.72412   3.79828e+08
2.73096   3.80267e+08
2.73779   3.80706e+08
2.74463   3.81145e+08
2.75146   3.81583e+08
2.7583   3.82021e+08
2.76514   3.82459e+08
2.77197   3.82897e+08
2.77881   3.83334e+08
2.78564   3.83771e+08
2.79248   3.84207e+08
2.79932   3.84644e+08
2.80615   3.8508e+08
2.81299   3.85516e+08
2.81982   3.85952e+08
2.82666   3.86387e+08
2.8335   3.86822e+08
2.84033   3.87257e+08
2.84717   3.87691e+08
2.854   3.88126e+08
2.86084   3.8856e+08
2.86768   3.88993e+08
2.87451   3.89427e+08
2.88135   3.8986e+08
2.88818   3.90293e+08
2.89502   3.90726e+08
2.90186   3.91158e+08
2.90869   3.91591e+08
2.91553   3.92022e+08
2.92236   3.92454e+08
2.9292   3.92886e+08
2.93604   3.93317e+08
2.94287   3.93748e+08
2.94971   3.94178e+08
2.95654   3.94609e+08
2.96338   3.95039e+08
2.97021   3.95469e+08
2.97705   3.95898e+08
2.98389   3.96328e+08
2.99072   3.96757e+08
2.99756   3.97186e+08
3.00439   3.97614e+08
3.01123   3.98043e+08
3.01807   3.98471e+08
3.0249   3.98899e+08
3.03174   3.99327e+08
3.03857   3.99754e+08
3.04541   4.00181e+08
3.05225   4.00608e+08
3.05908   4.01035e+08
3.06592   4.01461e+08
3.07275   4.01887e+08
3.07959   4.02313e+08
3.08643   4.02739e+08
3.09326   4.03165e+08
3.1001   4.0359e+08
3.10693   4.04015e+08
3.11377   4.0444e+08
3.12061   4.04864e+08
3.12744   4.05289e+08
3.13428   4.05713e+08
3.14111   4.06137e+08
3.14795   4.0656e+08
3.15479   4.06984e+08
3.16162   4.07407e+08
3.16846   4.0783e+08
3.17529   4.08252e+08
3.18213   4.08675e+08
3.18896   4.09097e+08
3.1958   4.09519e+08
3.20264   4.09941e+08
3.20947   4.10362e+08
3.21631   4.10784e+08
3.22314   4.11205e+08
3.22998   4.11626e+08
3.23682   4.12046e+08
3.24365   4.12467e+08
3.25049   4.12887e+08
3.25732   4.13307e+08
3.26416   4.13727e+08
3.271   4.14146e+08
3.27783   4.14566e+08
3.28467   4.14985e+08
3.2915   4.15404e+08
3.29834   4.15823e+08
3.30518   4.16241e+08
3.31201   4.16659e+08
3.31885   4.17077e+08
3.32568   4.17495e+08
3.33252   4.17913e+08
3.33936   4.1833e+08
3.34619   4.18747e+08
3.35303   4.19164e+08
3.35986   4.19581e+08
3.3667   4.19998e+08
3.37354   4.20414e+08
3.38037   4.2083e+08
3.38721   4.21246e+08
3.39404   4.21662e+08
3.40088   4.22077e+08
3.40771   4.22493e+08
3.41455   4.22908e+08
3.42139   4.23323e+08
3.42822   4.23738e+08
3.43506   4.24152e+08
3.44189   4.24566e+08
3.44873   4.2498e+08
3.45557   4.25394e+08
3.4624   4.25808e+08
3.46924   4.26222e+08
3.47607   4.26635e+08
3.48291   4.27048e+08
3.48975   4.27461e+08
3.49658   4.27874e+08
3.50195   4.28198e+08
3.50586   4.28433e+08
3.50977   4.28668e+08
3.51367   4.28903e+08
3.51758   4.29138e+08
3.52148   4.29372e+08
3.52539   4.29606e+08
3.5293   4.2984e+08
3.5332   4.30073e+08
3.53711   4.30306e+08
3.54102   4.30539e+08
3.54492   4.30771e+08
3.54883   4.31003e+08
3.55273   4.31235e+08
3.55664   4.31467e+08
3.56055   4.31698e+08
3.56445   4.31929e+08
3.56836   4.3216e+08
3.57227   4.32391e+08
3.57617   4.32621e+08
3.58008   4.32851e+08
3.58398   4.3308e+08
3.58789   4.33309e+08
3.5918   4.33538e+08
3.5957   4.33767e+08
3.59961   4.33996e+08
3.60352   4.34224e+08
3.60742   4.34451e+08
3.61133   4.34679e+08
3.61523   4.34906e+08
3.61914   4.35133e+08
3.62305   4.3536e+08
3.62695   4.35586e+08
3.63086   4.35812e+08
3.63477   4.36038e+08
3.63867   4.36264e+08
3.64258   4.36489e+08
3.64648   4.36714e+08
3.65039   4.36938e+08
3.6543   4.37163e+08
3.6582   4.37387e+08
3.66211   4.37611e+08
3.66602   4.37834e+08
3.66992   4.38057e+08
3.67383   4.3828e+08
3.67773   4.38503e+08
3.68164   4.38725e+08
3.68555   4.38947e+08
3.68945   4.39169e+08
3.69336   4.3939e+08
3.69727   4.39611e+08
3.70117   4.39832e+08
3.70508   4.40053e+08
3.70898   4.40273e+08
3.71289   4.40493e+08
3.7168   4.40713e+08
3.7207   4.40932e+08
3.72461   4.41151e+08
3.72852   4.4137e+08
3.73242   4.41589e+08
3.73633   4.41807e+08
3.74023   4.42025e+08
3.74414   4.42243e+08
3.74805   4.4246e+08
3.75195   4.42677e+08
3.75586   4.42894e+08
3.75977   4.43111e+08
3.76367   4.43327e+08
3.76758   4.43543e+08
3.77148   4.43759e+08
3.77539   4.43974e+08
3.7793   4.44189e+08
3.7832   4.44404e+08
3.78711   4.44619e+08
3.79102   4.44833e+08
3.79492   4.45047e+08
3.79883   4.45261e+08
3.80273   4.45474e+08
3.80664   4.45687e+08
3.81055   4.459e+08
3.81445   4.46113e+08
3.81836   4.46325e+08
3.82227   4.46537e+08
3.82617   4.46749e+08
3.83008   4.4696e+08
3.83398   4.47171e+08
3.83789   4.47382e+08
3.8418   4.47593e+08
3.8457   4.47803e+08
3.84961   4.48013e+08
3.85352   4.48223e+08
3.85742   4.48432e+08
3.86133   4.48641e+08
3.86523   4.4885e+08
3.86914   4.49059e+08
3.87305   4.49267e+08
3.87695   4.49475e+08
3.88086   4.49683e+08
3.88477   4.4989e+08
3.88867   4.50097e+08
3.89258   4.50304e+08
3.89648   4.50511e+08
3.90039   4.50717e+08
3.9043   4.50923e+08
3.9082   4.51129e+08
3.91211   4.51334e+08
3.91602   4.51539e+08
3.91992   4.51744e+08
3.92383   4.51949e+08
3.92773   4.52153e+08
3.93164   4.52357e+08
3.93555   4.52561e+08
3.93945   4.52764e+08
3.94336   4.52967e+08
3.94727   4.5317e+08
3.95117   4.53373e+08
3.95508   4.53575e+08
3.95898   4.53777e+08
3.96289   4.53979e+08
3.9668   4.54181e+08
3.9707   4.54382e+08
3.97461   4.54583e+08
3.97852   4.54783e+08
3.98242   4.54984e+08
3.98633   4.55184e+08
3.99023   4.55384e+08
3.99414   4.55583e+08
3.99805   4.55782e+08
4.00195   4.55981e+08
4.00586   4.5618e+08
4.00977   4.56378e+08
4.01367   4.56576e+08
4.01758   4.56774e+08
4.02148   4.56972e+08
4.02539   4.57169e+08
4.0293   4.57366e+08
4.0332   4.57563e+08
4.03711   4.57759e+08
4.04102   4.57955e+08
4.04492   4.58151e+08
4.04883   4.58347e+08
4.05273   4.58542e+08
4.05664   4.58737e+08
4.06055   4.58932e+08
4.06445   4.59126e+08
4.06836   4.59321e+08
4.07227   4.59514e+08
4.07617   4.59708e+08
4.08008   4.59901e+08
4.08398   4.60094e+08
4.08789   4.60287e+08
4.0918   4.6048e+08
4.0957   4.60672e+08
4.09961   4.60864e+08
4.10352   4.61056e+08
4.10742   4.61247e+08
4.11133   4.61438e+08
4.11523   4.61629e+08
4.11914   4.61819e+08
4.12305   4.6201e+08
4.12695   4.622e+08
4.13086   4.62389e+08
4.13477   4.62579e+08
4.13867   4.62768e+08
4.14258   4.62957e+08
4.14648   4.63146e+08
4.15039   4.63334e+08
4.1543   4.63522e+08
4.1582   4.6371e+08
4.16211   4.63897e+08
4.16602   4.64084e+08
4.16992   4.64271e+08
4.17383   4.64458e+08
4.17773   4.64644e+08
4.18164   4.6483e+08
4.18555   4.65016e+08
4.18945   4.65202e+08
4.19336   4.65387e+08
4.19727   4.65572e+08
4.20117   4.65757e+08
4.20508   4.65941e+08
4.20898   4.66125e+08
4.21289   4.66309e+08
4.2168   4.66493e+08
4.2207   4.66676e+08
4.22461   4.66859e+08
4.22852   4.67042e+08
4.23242   4.67224e+08
4.23633   4.67407e+08
4.24023   4.67588e+08
4.24414   4.6777e+08
4.24805   4.67951e+08
4.25195   4.68133e+08
4.25586   4.68313e+08
4.25977   4.68494e+08
4.26367   4.68674e+08
4.26758   4.68854e+08
4.27148   4.69034e+08
4.27539   4.69213e+08
4.2793   4.69393e+08
4.2832   4.69571e+08
4.28711   4.6975e+08
4.29102   4.69928e+08
4.29492   4.70106e+08
4.29883   4.70284e+08
4.30273   4.70462e+08
4.30664   4.70639e+08
4.31055   4.70816e+08
4.31445   4.70993e+08
4.31836   4.71169e+08
4.32227   4.71345e+08
4.32617   4.71521e+08
4.33008   4.71697e+08
4.33398   4.71872e+08
4.33789   4.72047e+08
4.3418   4.72222e+08
4.3457   4.72396e+08
4.34961   4.7257e+08
4.35352   4.72744e+08
4.35742   4.72918e+08
4.36133   4.73091e+08
4.36523   4.73264e+08
4.36914   4.73437e+08
4.37305   4.7361e+08
4.37695   4.73782e+08
4.38086   4.73954e+08
4.38477   4.74126e+08
4.38867   4.74297e+08
4.39258   4.74468e+08
4.39648   4.74639e+08
4.40039   4.7481e+08
4.4043   4.7498e+08
4.4082   4.7515e+08
4.41211   4.7532e+08
4.41602   4.7549e+08
4.41992   4.75659e+08
4.42383   4.75828e+08
4.42773   4.75997e+08
4.43164   4.76165e+08
4.43555   4.76333e+08
4.43945   4.76501e+08
4.44336   4.76669e+08
4.44727   4.76836e+08
4.45117   4.77003e+08
4.45508   4.7717e+08
4.45898   4.77336e+08
4.46289   4.77503e+08
4.4668   4.77669e+08
4.4707   4.77834e+08
4.47461   4.78e+08
4.47852   4.78165e+08
4.48242   4.7833e+08
4.48633   4.78494e+08
4.49023   4.78659e+08
4.49414   4.78823e+08
4.49805   4.78986e+08
4.50195   4.7915e+08
4.50586   4.79313e+08
4.50977   4.79476e+08
4.51367   4.79639e+08
4.51758   4.79801e+08
4.52148   4.79963e+08
4.52539   4.80125e+08
4.5293   4.80287e+08
4.5332   4.80448e+08
4.53711   4.80609e+08
4.54102   4.8077e+08
4.54492   4.8093e+08
4.54883   4.81091e+08
4.55273   4.81251e+08
4.55664   4.8141e+08
4.56055   4.8157e+08
4.56445   4.81729e+08
4.56836   4.81888e+08
4.57227   4.82046e+08
4.57617   4.82205e+08
4.58008   4.82363e+08
4.58398   4.8252e+08
4.58789   4.82678e+08
4.5918   4.82835e+08
4.5957   4.82992e+08
4.59961   4.83149e+08
4.60352   4.83305e+08
4.60742   4.83461e+08
4.61133   4.83617e+08
4.61523   4.83773e+08
4.61914   4.83928e+08
4.62305   4.84083e+08
4.62695   4.84238e+08
4.63086   4.84392e+08
4.63477   4.84547e+08
4.63867   4.84701e+08
4.64258   4.84854e+08
4.64648   4.85008e+08
4.65039   4.85161e+08
4.6543   4.85314e+08
4.6582   4.85466e+08
4.66211   4.85619e+08
4.66602   4.85771e+08
4.66992   4.85923e+08
4.67383   4.86074e+08
4.67773   4.86225e+08
4.68164   4.86376e+08
4.68555   4.86527e+08
4.68945   4.86677e+08
4.69336   4.86828e+08
4.69727   4.86978e+08
4.70117   4.87127e+08
4.70508   4.87277e+08
4.70898   4.87426e+08
4.71289   4.87574e+08
4.7168   4.87723e+08
4.7207   4.87871e+08
4.72461   4.88019e+08
4.72852   4.88167e+08
4.73242   4.88314e+08
4.73633   4.88462e+08
4.74023   4.88608e+08
4.74414   4.88755e+08
4.74805   4.88901e+08
4.75195   4.89048e+08
4.75586   4.89193e+08
4.75977   4.89339e+08
4.76367   4.89484e+08
4.76758   4.89629e+08
4.77148   4.89774e+08
4.77539   4.89918e+08
4.7793   4.90063e+08
4.7832   4.90207e+08
4.78711   4.9035e+08
4.79102   4.90494e+08
4.79492   4.90637e+08
4.79883   4.9078e+08
4.80273   4.90922e+08
4.80664   4.91064e+08
4.81055   4.91207e+08
4.81445   4.91348e+08
4.81836   4.9149e+08
4.82227   4.91631e+08
4.82617   4.91772e+08
4.83008   4.91913e+08
4.83398   4.92053e+08
4.83789   4.92193e+08
4.8418   4.92333e+08
4.8457   4.92473e+08
4.84961   4.92612e+08
4.85352   4.92751e+08
4.85742   4.9289e+08
4.86133   4.93028e+08
4.86523   4.93167e+08
4.86914   4.93305e+08
4.87305   4.93442e+08
4.87695   4.9358e+08
4.88086   4.93717e+08
4.88477   4.93854e+08
4.88867   4.93991e+08
4.89258   4.94127e+08
4.89648   4.94263e+08
4.90039   4.94399e+08
4.9043   4.94534e+08
4.9082   4.9467e+08
4.91211   4.94805e+08
4.91602   4.94939e+08
4.91992   4.95074e+08
4.92383   4.95208e+08
4.92773   4.95342e+08
4.93164   4.95476e+08
4.93555   4.95609e+08
4.93945   4.95742e+08
4.94336   4.95875e+08
4.94727   4.96008e+08
4.95117   4.9614e+08
4.95508   4.96272e+08
4.95898   4.96404e+08
4.96289   4.96535e+08
4.9668   4.96667e+08
4.9707   4.96798e+08
4.97461   4.96928e+08
4.97852   4.97059e+08
4.98242   4.97189e+08
4.98633   4.97319e+08
4.99023   4.97449e+08
4.99414   4.97578e+08
4.99805   4.97707e+08
5.00195   4.97836e+08
5.00586   4.97964e+08
5.00977   4.98093e+08
5.01367   4.98221e+08
5.01758   4.98348e+08
5.02148   4.98476e+08
5.02539   4.98603e+08
5.0293   4.9873e+08
5.0332   4.98857e+08
5.03711   4.98983e+08
5.04102   4.99109e+08
5.04492   4.99235e+08
5.04883   4.99361e+08
5.05273   4.99486e+08
5.05664   4.99611e+08
5.06055   4.99736e+08
5.06445   4.9986e+08
5.06836   4.99985e+08
5.07227   5.00109e+08
5.07617   5.00232e+08
5.08008   5.00356e+08
5.08398   5.00479e+08
5.08789   5.00602e+08
5.0918   5.00725e+08
5.0957   5.00847e+08
5.09961   5.00969e+08
5.10352   5.01091e+08
5.10742   5.01212e+08
5.11133   5.01334e+08
5.11523   5.01455e+08
5.11914   5.01576e+08
5.12305   5.01696e+08
5.12695   5.01816e+08
5.13086   5.01936e+08
5.13477   5.02056e+08
5.13867   5.02175e+08
5.14258   5.02294e+08
5.14648   5.02413e+08
5.15039   5.02532e+08
5.1543   5.0265e+08
5.1582   5.02768e+08
5.16211   5.02886e+08
5.16602   5.03004e+08
5.16992   5.03121e+08
5.17383   5.03238e+08
5.17773   5.03355e+08
5.18164   5.03471e+08
5.18555   5.03587e+08
5.18945   5.03703e+08
5.19336   5.03819e+08
5.19727   5.03934e+08
5.20117   5.04049e+08
5.20508   5.04164e+08
5.20898   5.04279e+08
5.21289   5.04393e+08
5.2168   5.04507e+08
5.2207   5.04621e+08
5.22461   5.04734e+08
5.22852   5.04848e+08
5.23242   5.04961e+08
5.23633   5.05073e+08
5.24023   5.05186e+08
5.24414   5.05298e+08
5.24805   5.0541e+08
5.25195   5.05521e+08
5.25586   5.05633e+08
5.25977   5.05744e+08
5.26367   5.05855e+08
5.26758   5.05965e+08
5.27148   5.06076e+08
5.27539   5.06186e+08
5.2793   5.06295e+08
5.2832   5.06405e+08
5.28711   5.06514e+08
5.29102   5.06623e+08
5.29492   5.06732e+08
5.29883   5.0684e+08
5.30273   5.06948e+08
5.30664   5.07056e+08
5.31055   5.07164e+08
5.31445   5.07271e+08
5.31836   5.07378e+08
5.32227   5.07485e+08
5.32617   5.07591e+08
5.33008   5.07698e+08
5.33398   5.07804e+08
5.33789   5.07909e+08
5.3418   5.08015e+08
5.3457   5.0812e+08
5.34961   5.08225e+08
5.35352   5.0833e+08
5.35742   5.08434e+08
5.36133   5.08538e+08
5.36523   5.08642e+08
5.36914   5.08746e+08
5.37305   5.08849e+08
5.37695   5.08952e+08
5.38086   5.09055e+08
5.38477   5.09157e+08
5.38867   5.09259e+08
5.39258   5.09361e+08
5.39648   5.09463e+08
5.40039   5.09565e+08
5.4043   5.09666e+08
5.4082   5.09767e+08
5.41211   5.09867e+08
5.41602   5.09968e+08
5.41992   5.10068e+08
5.42383   5.10167e+08
5.42773   5.10267e+08
5.43164   5.10366e+08
5.43555   5.10465e+08
5.43945   5.10564e+08
5.44336   5.10663e+08
5.44727   5.10761e+08
5.45117   5.10859e+08
5.45508   5.10956e+08
5.45898   5.11054e+08
5.46289   5.11151e+08
5.4668   5.11248e+08
5.4707   5.11344e+08
5.47461   5.11441e+08
5.47852   5.11537e+08
5.48242   5.11633e+08
5.48633   5.11728e+08
5.49023   5.11823e+08
5.49414   5.11918e+08
5.49805   5.12013e+08
5.50342   5.12143e+08
5.51025   5.12308e+08
5.51709   5.12473e+08
5.52393   5.12638e+08
5.53076   5.12803e+08
5.5376   5.12968e+08
5.54443   5.13132e+08
5.55127   5.13297e+08
5.55811   5.13461e+08
5.56494   5.13625e+08
5.57178   5.13789e+08
5.57861   5.13953e+08
5.58545   5.14117e+08
5.59229   5.14281e+08
5.59912   5.14445e+08
5.60596   5.14608e+08
5.61279   5.14772e+08
5.61963   5.14935e+08
5.62646   5.15098e+08
5.6333   5.15261e+08
5.64014   5.15424e+08
5.64697   5.15587e+08
5.65381   5.1575e+08
5.66064   5.15912e+08
5.66748   5.16075e+08
5.67432   5.16237e+08
5.68115   5.16399e+08
5.68799   5.16561e+08
5.69482   5.16723e+08
5.70166   5.16885e+08
5.7085   5.17047e+08
5.71533   5.17208e+08
5.72217   5.1737e+08
5.729   5.17531e+08
5.73584   5.17693e+08
5.74268   5.17854e+08
5.74951   5.18015e+08
5.75635   5.18176e+08
5.76318   5.18337e+08
5.77002   5.18497e+08
5.77686   5.18658e+08
5.78369   5.18818e+08
5.79053   5.18979e+08
5.79736   5.19139e+08
5.8042   5.19299e+08
5.81104   5.19459e+08
5.81787   5.19619e+08
5.82471   5.19778e+08
5.83154   5.19938e+08
5.83838   5.20097e+08
5.84521   5.20257e+08
5.85205   5.20416e+08
5.85889   5.20575e+08
5.86572   5.20734e+08
5.87256   5.20893e+08
5.87939   5.21052e+08
5.88623   5.21211e+08
5.89307   5.21369e+08
5.8999   5.21527e+08
5.90674   5.21686e+08
5.91357   5.21844e+08
5.92041   5.22002e+08
5.92725   5.2216e+08
5.93408   5.22318e+08
5.94092   5.22475e+08
5.94775   5.22633e+08
5.95459   5.22791e+08
5.96143   5.22948e+08
5.96826   5.23105e+08
5.9751   5.23262e+08
5.98193   5.23419e+08
5.98877   5.23576e+08
5.99561   5.23733e+08
6.00244   5.23889e+08
6.00928   5.24046e+08
6.01611   5.24202e+08
6.02295   5.24359e+08
6.02979   5.24515e+08
6.03662   5.24671e+08
6.04346   5.24827e+08
6.05029   5.24982e+08
6.05713   5.25138e+08
6.06396   5.25294e+08
6.0708   5.25449e+08
6.07764   5.25604e+08
6.08447   5.2576e+08
6.09131   5.25915e+08
6.09814   5.2607e+08
6.10498   5.26225e+08
6.11182   5.26379e+08
6.11865   5.26534e+08
6.12549   5.26688e+08
6.13232   5.26843e+08
6.13916   5.26997e+08
6.146   5.27151e+08
6.15283   5.27305e+08
6.15967   5.27459e+08
6.1665   5.27613e+08
6.17334   5.27766e+08
6.18018   5.2792e+08
6.18701   5.28073e+08
6.19385   5.28227e+08
6.20068   5.2838e+08
6.20752   5.28533e+08
6.21436   5.28686e+08
6.22119   5.28839e+08
6.22803   5.28991e+08
6.23486   5.29144e+08
6.2417   5.29296e+08
6.24854   5.29449e+08
6.25537   5.29601e+08
6.26221   5.29753e+08
6.26904   5.29905e+08
6.27588   5.30057e+08
6.28271   5.30209e+08
6.28955   5.3036e+08
6.29639   5.30512e+08
6.30322   5.30663e+08
6.31006   5.30815e+08
6.31689   5.30966e+08
6.32373   5.31117e+08
6.33057   5.31268e+08
6.3374   5.31419e+08
6.34424   5.31569e+08
6.35107   5.3172e+08
6.35791   5.3187e+08
6.36475   5.32021e+08
6.37158   5.32171e+08
6.37842   5.32321e+08
6.38525   5.32471e+08
6.39209   5.32621e+08
6.39893   5.32771e+08
6.40576   5.3292e+08
6.4126   5.3307e+08
6.41943   5.33219e+08
6.42627   5.33368e+08
6.43311   5.33518e+08
6.43994   5.33667e+08
6.44678   5.33816e+08
6.45361   5.33964e+08
6.46045   5.34113e+08
6.46729   5.34262e+08
6.47412   5.3441e+08
6.48096   5.34558e+08
6.48779   5.34707e+08
6.49463   5.34855e+08
6.50146   5.35003e+08
6.5083   5.35151e+08
6.51514   5.35298e+08
6.52197   5.35446e+08
6.52881   5.35594e+08
6.53564   5.35741e+08
6.54248   5.35888e+08
6.54932   5.36035e+08
6.55615   5.36182e+08
6.56299   5.36329e+08
6.56982   5.36476e+08
6.57666   5.36623e+08
6.5835   5.3677e+08
6.59033   5.36916e+08
6.59717   5.37062e+08
6.604   5.37209e+08
6.61084   5.37355e+08
6.61768   5.37501e+08
6.62451   5.37647e+08
6.63135   5.37792e+08
6.63818   5.37938e+08
6.64502   5.38084e+08
6.65186   5.38229e+08
6.65869   5.38374e+08
6.66553   5.38519e+08
6.67236   5.38665e+08
6.6792   5.3881e+08
6.68604   5.38954e+08
6.69287   5.39099e+08
6.69971   5.39244e+08
6.70654   5.39388e+08
6.71338   5.39533e+08
6.72021   5.39677e+08
6.72705   5.39821e+08
6.73389   5.39965e+08
6.74072   5.40109e+08
6.74756   5.40253e+08
6.75439   5.40396e+08
6.76123   5.4054e+08
6.76807   5.40684e+08
6.7749   5.40827e+08
6.78174   5.4097e+08
6.78857   5.41113e+08
6.79541   5.41256e+08
6.80225   5.41399e+08
6.80908   5.41542e+08
6.81592   5.41685e+08
6.82275   5.41827e+08
6.82959   5.41969e+08
6.83643   5.42112e+08
6.84326   5.42254e+08
6.8501   5.42396e+08
6.85693   5.42538e+08
6.86377   5.4268e+08
6.87061   5.42822e+08
6.87744   5.42963e+08
6.88428   5.43105e+08
6.89111   5.43246e+08
6.89795   5.43387e+08
6.90479   5.43529e+08
6.91162   5.4367e+08
6.91846   5.43811e+08
6.92529   5.43951e+08
6.93213   5.44092e+08
6.93896   5.44233e+08
6.9458   5.44373e+08
6.95264   5.44514e+08
6.95947   5.44654e+08
6.96631   5.44794e+08
6.97314   5.44934e+08
6.97998   5.45074e+08
6.98682   5.45214e+08
6.99365   5.45354e+08
7.00049   5.45493e+08
7.00732   5.45633e+08
7.01416   5.45772e+08
7.021   5.45911e+08
7.02783   5.4605e+08
7.03467   5.46189e+08
7.0415   5.46328e+08
7.04834   5.46467e+08
7.05518   5.46606e+08
7.06201   5.46744e+08
7.06885   5.46883e+08
7.07568   5.47021e+08
7.08252   5.47159e+08
7.08936   5.47298e+08
7.09619   5.47436e+08
7.10303   5.47574e+08
7.10986   5.47711e+08
7.1167   5.47849e+08
7.12354   5.47987e+08
7.13037   5.48124e+08
7.13721   5.48261e+08
7.14404   5.48399e+08
7.15088   5.48536e+08
7.15771   5.48673e+08
7.16455   5.4881e+08
7.17139   5.48947e+08
7.17822   5.49083e+08
7.18506   5.4922e+08
7.19189   5.49356e+08
7.19873   5.49493e+08
7.20557   5.49629e+08
7.2124   5.49765e+08
7.21924   5.49901e+08
7.22607   5.50037e+08
7.23291   5.50173e+08
7.23975   5.50308e+08
7.24658   5.50444e+08
7.25342   5.50579e+08
7.26025   5.50715e+08
7.26709   5.5085e+08
7.27393   5.50985e+08
7.28076   5.5112e+08
7.2876   5.51255e+08
7.29443   5.5139e+08
7.30127   5.51525e+08
7.30811   5.51659e+08
7.31494   5.51794e+08
7.32178   5.51928e+08
7.32861   5.52063e+08
7.33545   5.52197e+08
7.34229   5.52331e+08
7.34912   5.52465e+08
7.35596   5.52599e+08
7.36279   5.52732e+08
7.36963   5.52866e+08
7.37646   5.52999e+08
7.3833   5.53133e+08
7.39014   5.53266e+08
7.39697   5.53399e+08
7.40381   5.53532e+08
7.41064   5.53665e+08
7.41748   5.53798e+08
7.42432   5.53931e+08
7.43115   5.54064e+08
7.43799   5.54196e+08
7.44482   5.54329e+08
7.45166   5.54461e+08
7.4585   5.54593e+08
7.46533   5.54725e+08
7.47217   5.54857e+08
7.479   5.54989e+08
7.48584   5.55121e+08
7.49268   5.55253e+08
7.49951   5.55384e+08
7.50635   5.55516e+08
7.51318   5.55647e+08
7.52002   5.55779e+08
7.52686   5.5591e+08
7.53369   5.56041e+08
7.54053   5.56172e+08
7.54736   5.56303e+08
7.5542   5.56433e+08
7.56104   5.56564e+08
7.56787   5.56695e+08
7.57471   5.56825e+08
7.58154   5.56955e+08
7.58838   5.57085e+08
7.59521   5.57216e+08
7.60205   5.57346e+08
7.60889   5.57476e+08
7.61572   5.57605e+08
7.62256   5.57735e+08
7.62939   5.57865e+08
7.63623   5.57994e+08
7.64307   5.58124e+08
7.6499   5.58253e+08
7.65674   5.58382e+08
7.66357   5.58511e+08
7.67041   5.5864e+08
7.67725   5.58769e+08
7.68408   5.58898e+08
7.69092   5.59026e+08
7.69775   5.59155e+08
7.70459   5.59283e+08
7.71143   5.59412e+08
7.71826   5.5954e+08
7.7251   5.59668e+08
7.73193   5.59796e+08
7.73877   5.59924e+08
7.74561   5.60052e+08
7.75244   5.6018e+08
7.75928   5.60307e+08
7.76611   5.60435e+08
7.77295   5.60562e+08
7.77979   5.6069e+08
7.78662   5.60817e+08
7.79346   5.60944e+08
7.80029   5.61071e+08
7.80713   5.61198e+08
7.81396   5.61325e+08
7.8208   5.61451e+08
7.82764   5.61578e+08
7.83447   5.61705e+08
7.84131   5.61831e+08
7.84814   5.61957e+08
7.85498   5.62084e+08
7.86182   5.6221e+08
7.86865   5.62336e+08
7.87549   5.62462e+08
7.88232   5.62588e+08
7.88916   5.62713e+08
7.896   5.62839e+08
7.90283   5.62964e+08
7.90967   5.6309e+08
7.9165   5.63215e+08
7.92334   5.6334e+08
7.93018   5.63466e+08
7.93701   5.63591e+08
7.94385   5.63715e+08
7.95068   5.6384e+08
7.95752   5.63965e+08
7.96436   5.6409e+08
7.97119   5.64214e+08
7.97803   5.64339e+08
7.98486   5.64463e+08
7.9917   5.64587e+08
7.99854   5.64711e+08
8.00537   5.64835e+08
8.01221   5.64959e+08
8.01904   5.65083e+08
8.02588   5.65207e+08
8.03271   5.65331e+08
8.03955   5.65454e+08
8.04639   5.65578e+08
8.05322   5.65701e+08
8.06006   5.65824e+08
8.06689   5.65948e+08
8.07373   5.66071e+08
8.08057   5.66194e+08
8.0874   5.66317e+08
8.09424   5.66439e+08
8.10107   5.66562e+08
8.10791   5.66685e+08
8.11475   5.66807e+08
8.12158   5.6693e+08
8.12842   5.67052e+08
8.13525   5.67174e+08
8.14209   5.67296e+08
8.14893   5.67418e+08
8.15576   5.6754e+08
8.1626   5.67662e+08
8.16943   5.67784e+08
8.17627   5.67906e+08
8.18311   5.68027e+08
8.18994   5.68149e+08
8.19678   5.6827e+08
8.20361   5.68391e+08
8.21045   5.68512e+08
8.21729   5.68634e+08
8.22412   5.68755e+08
8.23096   5.68875e+08
8.23779   5.68996e+08
8.24463   5.69117e+08
8.25146   5.69238e+08
8.2583   5.69358e+08
8.26514   5.69479e+08
8.27197   5.69599e+08
8.27881   5.69719e+08
8.28564   5.6984e+08
8.29248   5.6996e+08
8.29932   5.7008e+08
8.30615   5.702e+08
8.31299   5.70319e+08
8.31982   5.70439e+08
8.32666   5.70559e+08
8.3335   5.70678e+08
8.34033   5.70798e+08
8.34717   5.70917e+08
8.354   5.71036e+08
8.36084   5.71156e+08
8.36768   5.71275e+08
8.37451   5.71394e+08
8.38135   5.71513e+08
8.38818   5.71631e+08
8.39502   5.7175e+08
8.40186   5.71869e+08
8.40869   5.71987e+08
8.41553   5.72106e+08
8.42236   5.72224e+08
8.4292   5.72343e+08
8.43604   5.72461e+08
8.44287   5.72579e+08
8.44971   5.72697e+08
8.45654   5.72815e+08
8.46338   5.72933e+08
8.47021   5.73051e+08
8.47705   5.73168e+08
8.48389   5.73286e+08
8.49072   5.73403e+08
8.49756   5.73521e+08
8.50439   5.73638e+08
8.51123   5.73756e+08
8.51807   5.73873e+08
8.5249   5.7399e+08
8.53174   5.74107e+08
8.53857   5.74224e+08
8.54541   5.74341e+08
8.55225   5.74457e+08
8.55908   5.74574e+08
8.56592   5.74691e+08
8.57275   5.74807e+08
8.57959   5.74923e+08
8.58643   5.7504e+08
8.59326   5.75156e+08
8.6001   5.75272e+08
8.60693   5.75388e+08
8.61377   5.75504e+08
8.62061   5.7562e+08
8.62744   5.75736e+08
8.63428   5.75852e+08
8.64111   5.75968e+08
8.64795   5.76083e+08
8.65479   5.76199e+08
8.66162   5.76314e+08
8.66846   5.76429e+08
8.67529   5.76545e+08
8.68213   5.7666e+08
8.68896   5.76775e+08
8.6958   5.7689e+08
8.70264   5.77005e+08
8.70947   5.7712e+08
8.71631   5.77235e+08
8.72314   5.77349e+08
8.72998   5.77464e+08
8.73682   5.77578e+08
8.74365   5.77693e+08
8.75049   5.77807e+08
8.75732   5.77922e+08
8.76416   5.78036e+08
8.771   5.7815e+08
8.77783   5.78264e+08
8.78467   5.78378e+08
8.7915   5.78492e+08
8.79834   5.78606e+08
8.80518   5.7872e+08
8.81201   5.78833e+08
8.81885   5.78947e+08
8.82568   5.7906e+08
8.83252   5.79174e+08
8.83936   5.79287e+08
8.84619   5.79401e+08
8.85303   5.79514e+08
8.85986   5.79627e+08
8.8667   5.7974e+08
8.87354   5.79853e+08
8.88037   5.79966e+08
8.88721   5.80079e+08
8.89404   5.80192e+08
8.90088   5.80304e+08
8.90771   5.80417e+08
8.91455   5.8053e+08
8.92139   5.80642e+08
8.92822   5.80754e+08
8.93506   5.80867e+08
8.94189   5.80979e+08
8.94873   5.81091e+08
8.95557   5.81203e+08
8.9624   5.81316e+08
8.96924   5.81427e+08
8.97607   5.81539e+08
8.98291   5.81651e+08
8.98975   5.81763e+08
8.99658   5.81875e+08
9.00195   5.81962e+08
9.00586   5.82026e+08
9.00977   5.82089e+08
9.01367   5.82152e+08
9.01758   5.82215e+08
9.02148   5.82278e+08
9.02539   5.8234e+08
9.0293   5.82402e+08
9.0332   5.82464e+08
9.03711   5.82525e+08
9.04102   5.82586e+08
9.04492   5.82647e+08
9.04883   5.82708e+08
9.05273   5.82769e+08
9.05664   5.82829e+08
9.06055   5.82889e+08
9.06445   5.82949e+08
9.06836   5.83008e+08
9.07227   5.83067e+08
9.07617   5.83126e+08
9.08008   5.83185e+08
9.08398   5.83244e+08
9.08789   5.83302e+08
9.0918   5.8336e+08
9.0957   5.83418e+08
9.09961   5.83475e+08
9.10352   5.83532e+08
9.10742   5.83589e+08
9.11133   5.83646e+08
9.11523   5.83702e+08
9.11914   5.83759e+08
9.12305   5.83815e+08
9.12695   5.8387e+08
9.13086   5.83926e+08
9.13477   5.83981e+08
9.13867   5.84036e+08
9.14258   5.84091e+08
9.14648   5.84145e+08
9.15039   5.84199e+08
9.1543   5.84253e+08
9.1582   5.84307e+08
9.16211   5.8436e+08
9.16602   5.84414e+08
9.16992   5.84467e+08
9.17383   5.84519e+08
9.17773   5.84572e+08
9.18164   5.84624e+08
9.18555   5.84676e+08
9.18945   5.84728e+08
9.19336   5.84779e+08
9.19727   5.8483e+08
9.20117   5.84881e+08
9.20508   5.84932e+08
9.20898   5.84982e+08
9.21289   5.85032e+08
9.2168   5.85082e+08
9.2207   5.85132e+08
9.22461   5.85182e+08
9.22852   5.85231e+08
9.23242   5.8528e+08
9.23633   5.85328e+08
9.24023   5.85377e+08
9.24414   5.85425e+08
9.24805   5.85473e+08
9.25195   5.85521e+08
9.25586   5.85568e+08
9.25977   5.85615e+08
9.26367   5.85662e+08
9.26758   5.85709e+08
9.27148   5.85755e+08
9.27539   5.85801e+08
9.2793   5.85847e+08
9.2832   5.85893e+08
9.28711   5.85938e+08
9.29102   5.85984e+08
9.29492   5.86029e+08
9.29883   5.86073e+08
9.30273   5.86118e+08
9.30664   5.86162e+08
9.31055   5.86206e+08
9.31445   5.86249e+08
9.31836   5.86293e+08
9.32227   5.86336e+08
9.32617   5.86379e+08
9.33008   5.86422e+08
9.33398   5.86464e+08
9.33789   5.86506e+08
9.3418   5.86548e+08
9.3457   5.8659e+08
9.34961   5.86631e+08
9.35352   5.86672e+08
9.35742   5.86713e+08
9.36133   5.86754e+08
9.36523   5.86795e+08
9.36914   5.86835e+08
9.37305   5.86875e+08
9.37695   5.86914e+08
9.38086   5.86954e+08
9.38477   5.86993e+08
9.38867   5.87032e+08
9.39258   5.87071e+08
9.39648   5.87109e+08
9.40039   5.87147e+08
9.4043   5.87185e+08
9.4082   5.87223e+08
9.41211   5.8726e+08
9.41602   5.87297e+08
9.41992   5.87334e+08
9.42383   5.87371e+08
9.42773   5.87408e+08
9.43164   5.87444e+08
9.43555   5.8748e+08
9.43945   5.87515e+08
9.44336   5.87551e+08
9.44727   5.87586e+08
9.45117   5.87621e+08
9.45508   5.87656e+08
9.45898   5.8769e+08
9.46289   5.87724e+08
9.4668   5.87758e+08
9.4707   5.87792e+08
9.47461   5.87825e+08
9.47852   5.87859e+08
9.48242   5.87892e+08
9.48633   5.87924e+08
9.49023   5.87957e+08
9.49414   5.87989e+08
9.49805   5.88021e+08
9.50195   5.88053e+08
9.50586   5.88084e+08
9.50977   5.88115e+08
9.51367   5.88146e+08
9.51758   5.88177e+08
9.52148   5.88207e+08
9.52539   5.88238e+08
9.5293   5.88268e+08
9.5332   5.88297e+08
9.53711   5.88327e+08
9.54102   5.88356e+08
9.54492   5.88385e+08
9.54883   5.88414e+08
9.55273   5.88442e+08
9.55664   5.88471e+08
9.56055   5.88498e+08
9.56445   5.88526e+08
9.56836   5.88554e+08
9.57227   5.88581e+08
9.57617   5.88608e+08
9.58008   5.88635e+08
9.58398   5.88661e+08
9.58789   5.88687e+08
9.5918   5.88713e+08
9.5957   5.88739e+08
9.59961   5.88765e+08
9.60352   5.8879e+08
9.60742   5.88815e+08
9.61133   5.8884e+08
9.61523   5.88864e+08
9.61914   5.88888e+08
9.62305   5.88912e+08
9.62695   5.88936e+08
9.63086   5.8896e+08
9.63477   5.88983e+08
9.63867   5.89006e+08
9.64258   5.89029e+08
9.64648   5.89051e+08
9.65039   5.89074e+08
9.6543   5.89096e+08
9.6582   5.89117e+08
9.66211   5.89139e+08
9.66602   5.8916e+08
9.66992   5.89181e+08
9.67383   5.89202e+08
9.67773   5.89223e+08
9.68164   5.89243e+08
9.68555   5.89263e+08
9.68945   5.89283e+08
9.69336   5.89302e+08
9.69727   5.89322e+08
9.70117   5.89341e+08
9.70508   5.89359e+08
9.70898   5.89378e+08
9.71289   5.89396e+08
9.7168   5.89414e+08
9.7207   5.89432e+08
9.72461   5.8945e+08
9.72852   5.89467e+08
9.73242   5.89484e+08
9.73633   5.89501e+08
9.74023   5.89518e+08
9.74414   5.89534e+08
9.74805   5.8955e+08
9.75195   5.89566e+08
9.75586   5.89581e+08
9.75977   5.89597e+08
9.76367   5.89612e+08
9.76758   5.89627e+08
9.77148   5.89641e+08
9.77539   5.89656e+08
9.7793   5.8967e+08
9.7832   5.89684e+08
9.78711   5.89697e+08
9.79102   5.89711e+08
9.79492   5.89724e+08
9.79883   5.89737e+08
9.80273   5.89749e+08
9.80664   5.89762e+08
9.81055   5.89774e+08
9.81445   5.89786e+08
9.81836   5.89797e+08
9.82227   5.89809e+08
9.82617   5.8982e+08
9.83008   5.89831e+08
9.83398   5.89841e+08
9.83789   5.89852e+08
9.8418   5.89862e+08
9.8457   5.89872e+08
9.84961   5.89881e+08
9.85352   5.89891e+08
9.85742   5.899e+08
9.86133   5.89909e+08
9.86523   5.89917e+08
9.86914   5.89926e+08
9.87305   5.89934e+08
9.87695   5.89942e+08
9.88086   5.8995e+08
9.88477   5.89957e+08
9.88867   5.89964e+08
9.89258   5.89971e+08
9.89648   5.89978e+08
9.90039   5.89984e+08
9.9043   5.8999e+08
9.9082   5.89996e+08
9.91211   5.90002e+08
9.91602   5.90007e+08
9.91992   5.90013e+08
9.92383   5.90018e+08
9.92773   5.90022e+08
9.93164   5.90027e+08
9.93555   5.90031e+08
9.93945   5.90035e+08
9.94336   5.90039e+08
9.94727   5.90042e+08
9.95117   5.90045e+08
9.95508   5.90048e+08
9.95898   5.90051e+08
9.96289   5.90053e+08
9.9668   5.90056e+08
9.9707   5.90058e+08
9.97461   5.90059e+08
9.97852   5.90061e+08
9.98242   5.90062e+08
9.98633   5.90063e+08
9.99023   5.90064e+08
9.99414   5.90064e+08
9.99805   5.90065e+08
10.002   5.90065e+08
10.0059   5.90064e+08
10.0098   5.90064e+08
10.0137   5.90063e+08
10.0176   5.90062e+08
10.0215   5.90061e+08
10.0254   5.90059e+08
10.0293   5.90058e+08
10.0332   5.90056e+08
10.0371   5.90053e+08
10.041   5.90051e+08
10.0449   5.90048e+08
10.0488   5.90045e+08
10.0527   5.90042e+08
10.0566   5.90039e+08
10.0605   5.90035e+08
10.0645   5.90031e+08
10.0684   5.90027e+08
10.0723   5.90022e+08
10.0762   5.90018e+08
10.0801   5.90013e+08
10.084   5.90007e+08
10.0879   5.90002e+08
10.0918   5.89996e+08
10.0957   5.8999e+08
10.0996   5.89984e+08
10.1035   5.89978e+08
10.1074   5.89971e+08
10.1113   5.89964e+08
10.1152   5.89957e+08
10.1191   5.8995e+08
10.123   5.89942e+08
10.127   5.89934e+08
10.1309   5.89926e+08
10.1348   5.89917e+08
10.1387   5.89909e+08
10.1426   5.899e+08
10.1465   5.89891e+08
10.1504   5.89881e+08
10.1543   5.89872e+08
10.1582   5.89862e+08
10.1621   5.89852e+08
10.166   5.89841e+08
10.1699   5.89831e+08
10.1738   5.8982e+08
10.1777   5.89809e+08
10.1816   5.89797e+08
10.1855   5.89786e+08
10.1895   5.89774e+08
10.1934   5.89762e+08
10.1973   5.89749e+08
10.2012   5.89737e+08
10.2051   5.89724e+08
10.209   5.89711e+08
10.2129   5.89697e+08
10.2168   5.89684e+08
10.2207   5.8967e+08
10.2246   5.89656e+08
10.2285   5.89641e+08
10.2324   5.89627e+08
10.2363   5.89612e+08
10.2402   5.89597e+08
10.2441   5.89581e+08
10.248   5.89566e+08
10.252   5.8955e+08
10.2559   5.89534e+08
10.2598   5.89518e+08
10.2637   5.89501e+08
10.2676   5.89484e+08
10.2715   5.89467e+08
10.2754   5.8945e+08
10.2793   5.89432e+08
10.2832   5.89414e+08
10.2871   5.89396e+08
10.291   5.89378e+08
10.2949   5.89359e+08
10.2988   5.89341e+08
10.3027   5.89322e+08
10.3066   5.89302e+08
10.3105   5.89283e+08
10.3145   5.89263e+08
10.3184   5.89243e+08
10.3223   5.89223e+08
10.3262   5.89202e+08
10.3301   5.89181e+08
10.334   5.8916e+08
10.3379   5.89139e+08
10.3418   5.89117e+08
10.3457   5.89096e+08
10.3496   5.89074e+08
10.3535   5.89051e+08
10.3574   5.89029e+08
10.3613   5.89006e+08
10.3652   5.88983e+08
10.3691   5.8896e+08
10.373   5.88936e+08
10.377   5.88912e+08
10.3809   5.88888e+08
10.3848   5.88864e+08
10.3887   5.8884e+08
10.3926   5.88815e+08
10.3965   5.8879e+08
10.4004   5.88765e+08
10.4043   5.88739e+08
10.4082   5.88713e+08
10.4121   5.88687e+08
10.416   5.88661e+08
10.4199   5.88635e+08
10.4238   5.88608e+08
10.4277   5.88581e+08
10.4316   5.88554e+08
10.4355   5.88526e+08
10.4395   5.88498e+08
10.4434   5.88471e+08
10.4473   5.88442e+08
10.4512   5.88414e+08
10.4551   5.88385e+08
10.459   5.88356e+08
10.4629   5.88327e+08
10.4668   5.88297e+08
10.4707   5.88268e+08
10.4746   5.88238e+08
10.4785   5.88207e+08
10.4824   5.88177e+08
10.4863   5.88146e+08
10.4902   5.88115e+08
10.4941   5.88084e+08
10.498   5.88053e+08
10.502   5.88021e+08
10.5059   5.87989e+08
10.5098   5.87957e+08
10.5137   5.87924e+08
10.5176   5.87892e+08
10.5215   5.87859e+08
10.5254   5.87825e+08
10.5293   5.87792e+08
10.5332   5.87758e+08
10.5371   5.87724e+08
10.541   5.8769e+08
10.5449   5.87656e+08
10.5488   5.87621e+08
10.5527   5.87586e+08
10.5566   5.87551e+08
10.5605   5.87515e+08
10.5645   5.8748e+08
10.5684   5.87444e+08
10.5723   5.87408e+08
10.5762   5.87371e+08
10.5801   5.87334e+08
10.584   5.87297e+08
10.5879   5.8726e+08
10.5918   5.87223e+08
10.5957   5.87185e+08
10.5996   5.87147e+08
10.6035   5.87109e+08
10.6074   5.87071e+08
10.6113   5.87032e+08
10.6152   5.86993e+08
10.6191   5.86954e+08
10.623   5.86914e+08
10.627   5.86875e+08
10.6309   5.86835e+08
10.6348   5.86795e+08
10.6387   5.86754e+08
10.6426   5.86713e+08
10.6465   5.86672e+08
10.6504   5.86631e+08
10.6543   5.8659e+08
10.6582   5.86548e+08
10.6621   5.86506e+08
10.666   5.86464e+08
10.6699   5.86422e+08
10.6738   5.86379e+08
10.6777   5.86336e+08
10.6816   5.86293e+08
10.6855   5.86249e+08
10.6895   5.86206e+08
10.6934   5.86162e+08
10.6973   5.86118e+08
10.7012   5.86073e+08
10.7051   5.86029e+08
10.709   5.85984e+08
10.7129   5.85938e+08
10.7168   5.85893e+08
10.7207   5.85847e+08
10.7246   5.85801e+08
10.7285   5.85755e+08
10.7324   5.85709e+08
10.7363   5.85662e+08
10.7402   5.85615e+08
10.7441   5.85568e+08
10.748   5.85521e+08
10.752   5.85473e+08
10.7559   5.85425e+08
10.7598   5.85377e+08
10.7637   5.85328e+08
10.7676   5.8528e+08
10.7715   5.85231e+08
10.7754   5.85182e+08
10.7793   5.85132e+08
10.7832   5.85082e+08
10.7871   5.85032e+08
10.791   5.84982e+08
10.7949   5.84932e+08
10.7988   5.84881e+08
10.8027   5.8483e+08
10.8066   5.84779e+08
10.8105   5.84728e+08
10.8145   5.84676e+08
10.8184   5.84624e+08
10.8223   5.84572e+08
10.8262   5.84519e+08
10.8301   5.84467e+08
10.834   5.84414e+08
10.8379   5.8436e+08
10.8418   5.84307e+08
10.8457   5.84253e+08
10.8496   5.84199e+08
10.8535   5.84145e+08
10.8574   5.84091e+08
10.8613   5.84036e+08
10.8652   5.83981e+08
10.8691   5.83926e+08
10.873   5.8387e+08
10.877   5.83815e+08
10.8809   5.83759e+08
10.8848   5.83702e+08
10.8887   5.83646e+08
10.8926   5.83589e+08
10.8965   5.83532e+08
10.9004   5.83475e+08
10.9043   5.83418e+08
10.9082   5.8336e+08
10.9121   5.83302e+08
10.916   5.83244e+08
10.9199   5.83185e+08
10.9238   5.83126e+08
10.9277   5.83067e+08
10.9316   5.83008e+08
10.9355   5.82949e+08
10.9395   5.82889e+08
10.9434   5.82829e+08
10.9473   5.82769e+08
10.9512   5.82708e+08
10.9551   5.82647e+08
10.959   5.82586e+08
10.9629   5.82525e+08
10.9668   5.82464e+08
10.9707   5.82402e+08
10.9746   5.8234e+08
10.9785   5.82278e+08
10.9824   5.82215e+08
10.9863   5.82152e+08
10.9902   5.82089e+08
10.9941   5.82026e+08
10.998   5.81962e+08
11.0034   5.81875e+08
11.0103   5.81763e+08
11.0171   5.81651e+08
11.0239   5.81539e+08
11.0308   5.81427e+08
11.0376   5.81316e+08
11.0444   5.81203e+08
11.0513   5.81091e+08
11.0581   5.80979e+08
11.0649   5.80867e+08
11.0718   5.80754e+08
11.0786   5.80642e+08
11.0854   5.8053e+08
11.0923   5.80417e+08
11.0991   5.80304e+08
11.106   5.80192e+08
11.1128   5.80079e+08
11.1196   5.79966e+08
11.1265   5.79853e+08
11.1333   5.7974e+08
11.1401   5.79627e+08
11.147   5.79514e+08
11.1538   5.79401e+08
11.1606   5.79287e+08
11.1675   5.79174e+08
11.1743   5.7906e+08
11.1812   5.78947e+08
11.188   5.78833e+08
11.1948   5.7872e+08
11.2017   5.78606e+08
11.2085   5.78492e+08
11.2153   5.78378e+08
11.2222   5.78264e+08
11.229   5.7815e+08
11.2358   5.78036e+08
11.2427   5.77922e+08
11.2495   5.77807e+08
11.2563   5.77693e+08
11.2632   5.77578e+08
11.27   5.77464e+08
11.2769   5.77349e+08
11.2837   5.77235e+08
11.2905   5.7712e+08
11.2974   5.77005e+08
11.3042   5.7689e+08
11.311   5.76775e+08
11.3179   5.7666e+08
11.3247   5.76545e+08
11.3315   5.76429e+08
11.3384   5.76314e+08
11.3452   5.76199e+08
11.3521   5.76083e+08
11.3589   5.75968e+08
11.3657   5.75852e+08
11.3726   5.75736e+08
11.3794   5.7562e+08
11.3862   5.75504e+08
11.3931   5.75388e+08
11.3999   5.75272e+08
11.4067   5.75156e+08
11.4136   5.7504e+08
11.4204   5.74923e+08
11.4272   5.74807e+08
11.4341   5.74691e+08
11.4409   5.74574e+08
11.4478   5.74457e+08
11.4546   5.74341e+08
11.4614   5.74224e+08
11.4683   5.74107e+08
11.4751   5.7399e+08
11.4819   5.73873e+08
11.4888   5.73756e+08
11.4956   5.73638e+08
11.5024   5.73521e+08
11.5093   5.73403e+08
11.5161   5.73286e+08
11.5229   5.73168e+08
11.5298   5.73051e+08
11.5366   5.72933e+08
11.5435   5.72815e+08
11.5503   5.72697e+08
11.5571   5.72579e+08
11.564   5.72461e+08
11.5708   5.72343e+08
11.5776   5.72224e+08
11.5845   5.72106e+08
11.5913   5.71987e+08
11.5981   5.71869e+08
11.605   5.7175e+08
11.6118   5.71631e+08
11.6187   5.71513e+08
11.6255   5.71394e+08
11.6323   5.71275e+08
11.6392   5.71156e+08
11.646   5.71036e+08
11.6528   5.70917e+08
11.6597   5.70798e+08
11.6665   5.70678e+08
11.6733   5.70559e+08
11.6802   5.70439e+08
11.687   5.70319e+08
11.6938   5.702e+08
11.7007   5.7008e+08
11.7075   5.6996e+08
11.7144   5.6984e+08
11.7212   5.69719e+08
11.728   5.69599e+08
11.7349   5.69479e+08
11.7417   5.69358e+08
11.7485   5.69238e+08
11.7554   5.69117e+08
11.7622   5.68996e+08
11.769   5.68875e+08
11.7759   5.68755e+08
11.7827   5.68634e+08
11.7896   5.68512e+08
11.7964   5.68391e+08
11.8032   5.6827e+08
11.8101   5.68149e+08
11.8169   5.68027e+08
11.8237   5.67906e+08
11.8306   5.67784e+08
11.8374   5.67662e+08
11.8442   5.6754e+08
11.8511   5.67418e+08
11.8579   5.67296e+08
11.8647   5.67174e+08
11.8716   5.67052e+08
11.8784   5.6693e+08
11.8853   5.66807e+08
11.8921   5.66685e+08
11.8989   5.66562e+08
11.9058   5.66439e+08
11.9126   5.66317e+08
11.9194   5.66194e+08
11.9263   5.66071e+08
11.9331   5.65948e+08
11.9399   5.65824e+08
11.9468   5.65701e+08
11.9536   5.65578e+08
11.9604   5.65454e+08
11.9673   5.65331e+08
11.9741   5.65207e+08
11.981   5.65083e+08
11.9878   5.64959e+08
11.9946   5.64835e+08
12.0015   5.64711e+08
12.0083   5.64587e+08
12.0151   5.64463e+08
12.022   5.64339e+08
12.0288   5.64214e+08
12.0356   5.6409e+08
12.0425   5.63965e+08
12.0493   5.6384e+08
12.0562   5.63715e+08
12.063   5.63591e+08
12.0698   5.63466e+08
12.0767   5.6334e+08
12.0835   5.63215e+08
12.0903   5.6309e+08
12.0972   5.62964e+08
12.104   5.62839e+08
12.1108   5.62713e+08
12.1177   5.62588e+08
12.1245   5.62462e+08
12.1313   5.62336e+08
12.1382   5.6221e+08
12.145   5.62084e+08
12.1519   5.61957e+08
12.1587   5.61831e+08
12.1655   5.61705e+08
12.1724   5.61578e+08
12.1792   5.61451e+08
12.186   5.61325e+08
12.1929   5.61198e+08
12.1997   5.61071e+08
12.2065   5.60944e+08
12.2134   5.60817e+08
12.2202   5.6069e+08
12.2271   5.60562e+08
12.2339   5.60435e+08
12.2407   5.60307e+08
12.2476   5.6018e+08
12.2544   5.60052e+08
12.2612   5.59924e+08
12.2681   5.59796e+08
12.2749   5.59668e+08
12.2817   5.5954e+08
12.2886   5.59412e+08
12.2954   5.59283e+08
12.3022   5.59155e+08
12.3091   5.59026e+08
12.3159   5.58898e+08
12.3228   5.58769e+08
12.3296   5.5864e+08
12.3364   5.58511e+08
12.3433   5.58382e+08
12.3501   5.58253e+08
12.3569   5.58124e+08
12.3638   5.57994e+08
12.3706   5.57865e+08
12.3774   5.57735e+08
12.3843   5.57605e+08
12.3911   5.57476e+08
12.3979   5.57346e+08
12.4048   5.57216e+08
12.4116   5.57085e+08
12.4185   5.56955e+08
12.4253   5.56825e+08
12.4321   5.56695e+08
12.439   5.56564e+08
12.4458   5.56433e+08
12.4526   5.56303e+08
12.4595   5.56172e+08
12.4663   5.56041e+08
12.4731   5.5591e+08
12.48   5.55779e+08
12.4868   5.55647e+08
12.4937   5.55516e+08
12.5005   5.55384e+08
12.5073   5.55253e+08
12.5142   5.55121e+08
12.521   5.54989e+08
12.5278   5.54857e+08
12.5347   5.54725e+08
12.5415   5.54593e+08
12.5483   5.54461e+08
12.5552   5.54329e+08
12.562   5.54196e+08
12.5688   5.54064e+08
12.5757   5.53931e+08
12.5825   5.53798e+08
12.5894   5.53665e+08
12.5962   5.53532e+08
12.603   5.53399e+08
12.6099   5.53266e+08
12.6167   5.53133e+08
12.6235   5.52999e+08
12.6304   5.52866e+08
12.6372   5.52732e+08
12.644   5.52599e+08
12.6509   5.52465e+08
12.6577   5.52331e+08
12.6646   5.52197e+08
12.6714   5.52063e+08
12.6782   5.51928e+08
12.6851   5.51794e+08
12.6919   5.51659e+08
12.6987   5.51525e+08
12.7056   5.5139e+08
12.7124   5.51255e+08
12.7192   5.5112e+08
12.7261   5.50985e+08
12.7329   5.5085e+08
12.7397   5.50715e+08
12.7466   5.50579e+08
12.7534   5.50444e+08
12.7603   5.50308e+08
12.7671   5.50173e+08
12.7739   5.50037e+08
12.7808   5.49901e+08
12.7876   5.49765e+08
12.7944   5.49629e+08
12.8013   5.49493e+08
12.8081   5.49356e+08
12.8149   5.4922e+08
12.8218   5.49083e+08
12.8286   5.48947e+08
12.8354   5.4881e+08
12.8423   5.48673e+08
12.8491   5.48536e+08
12.856   5.48399e+08
12.8628   5.48261e+08
12.8696   5.48124e+08
12.8765   5.47987e+08
12.8833   5.47849e+08
12.8901   5.47711e+08
12.897   5.47574e+08
12.9038   5.47436e+08
12.9106   5.47298e+08
12.9175   5.47159e+08
12.9243   5.47021e+08
12.9312   5.46883e+08
12.938   5.46744e+08
12.9448   5.46606e+08
12.9517   5.46467e+08
12.9585   5.46328e+08
12.9653   5.46189e+08
12.9722   5.4605e+08
12.979   5.45911e+08
12.9858   5.45772e+08
12.9927   5.45633e+08
12.9995   5.45493e+08
13.0063   5.45354e+08
13.0132   5.45214e+08
13.02   5.45074e+08
13.0269   5.44934e+08
13.0337   5.44794e+08
13.0405   5.44654e+08
13.0474   5.44514e+08
13.0542   5.44373e+08
13.061   5.44233e+08
13.0679   5.44092e+08
13.0747   5.43951e+08
13.0815   5.43811e+08
13.0884   5.4367e+08
13.0952   5.43529e+08
13.1021   5.43387e+08
13.1089   5.43246e+08
13.1157   5.43105e+08
13.1226   5.42963e+08
13.1294   5.42822e+08
13.1362   5.4268e+08
13.1431   5.42538e+08
13.1499   5.42396e+08
13.1567   5.42254e+08
13.1636   5.42112e+08
13.1704   5.41969e+08
13.1772   5.41827e+08
13.1841   5.41685e+08
13.1909   5.41542e+08
13.1978   5.41399e+08
13.2046   5.41256e+08
13.2114   5.41113e+08
13.2183   5.4097e+08
13.2251   5.40827e+08
13.2319   5.40684e+08
13.2388   5.4054e+08
13.2456   5.40396e+08
13.2524   5.40253e+08
13.2593   5.40109e+08
13.2661   5.39965e+08
13.2729   5.39821e+08
13.2798   5.39677e+08
13.2866   5.39533e+08
13.2935   5.39388e+08
13.3003   5.39244e+08
13.3071   5.39099e+08
13.314   5.38954e+08
13.3208   5.3881e+08
13.3276   5.38665e+08
13.3345   5.38519e+08
13.3413   5.38374e+08
13.3481   5.38229e+08
13.355   5.38084e+08
13.3618   5.37938e+08
13.3687   5.37792e+08
13.3755   5.37647e+08
13.3823   5.37501e+08
13.3892   5.37355e+08
13.396   5.37209e+08
13.4028   5.37062e+08
13.4097   5.36916e+08
13.4165   5.3677e+08
13.4233   5.36623e+08
13.4302   5.36476e+08
13.437   5.36329e+08
13.4438   5.36182e+08
13.4507   5.36035e+08
13.4575   5.35888e+08
13.4644   5.35741e+08
13.4712   5.35594e+08
13.478   5.35446e+08
13.4849   5.35298e+08
13.4917   5.35151e+08
13.4985   5.35003e+08
13.5054   5.34855e+08
13.5122   5.34707e+08
13.519   5.34558e+08
13.5259   5.3441e+08
13.5327   5.34262e+08
13.5396   5.34113e+08
13.5464   5.33964e+08
13.5532   5.33816e+08
13.5601   5.33667e+08
13.5669   5.33518e+08
13.5737   5.33368e+08
13.5806   5.33219e+08
13.5874   5.3307e+08
13.5942   5.3292e+08
13.6011   5.32771e+08
13.6079   5.32621e+08
13.6147   5.32471e+08
13.6216   5.32321e+08
13.6284   5.32171e+08
13.6353   5.32021e+08
13.6421   5.3187e+08
13.6489   5.3172e+08
13.6558   5.31569e+08
13.6626   5.31419e+08
13.6694   5.31268e+08
13.6763   5.31117e+08
13.6831   5.30966e+08
13.6899   5.30815e+08
13.6968   5.30663e+08
13.7036   5.30512e+08
13.7104   5.3036e+08
13.7173   5.30209e+08
13.7241   5.30057e+08
13.731   5.29905e+08
13.7378   5.29753e+08
13.7446   5.29601e+08
13.7515   5.29449e+08
13.7583   5.29296e+08
13.7651   5.29144e+08
13.772   5.28991e+08
13.7788   5.28839e+08
13.7856   5.28686e+08
13.7925   5.28533e+08
13.7993   5.2838e+08
13.8062   5.28227e+08
13.813   5.28073e+08
13.8198   5.2792e+08
13.8267   5.27766e+08
13.8335   5.27613e+08
13.8403   5.27459e+08
13.8472   5.27305e+08
13.854   5.27151e+08
13.8608   5.26997e+08
13.8677   5.26843e+08
13.8745   5.26688e+08
13.8813   5.26534e+08
13.8882   5.26379e+08
13.895   5.26225e+08
13.9019   5.2607e+08
13.9087   5.25915e+08
13.9155   5.2576e+08
13.9224   5.25604e+08
13.9292   5.25449e+08
13.936   5.25294e+08
13.9429   5.25138e+08
13.9497   5.24982e+08
13.9565   5.24827e+08
13.9634   5.24671e+08
13.9702   5.24515e+08
13.9771   5.24359e+08
13.9839   5.24202e+08
13.9907   5.24046e+08
13.9976   5.23889e+08
14.0044   5.23733e+08
14.0112   5.23576e+08
14.0181   5.23419e+08
14.0249   5.23262e+08
14.0317   5.23105e+08
14.0386   5.22948e+08
14.0454   5.22791e+08
14.0522   5.22633e+08
14.0591   5.22475e+08
14.0659   5.22318e+08
14.0728   5.2216e+08
14.0796   5.22002e+08
14.0864   5.21844e+08
14.0933   5.21686e+08
14.1001   5.21527e+08
14.1069   5.21369e+08
14.1138   5.21211e+08
14.1206   5.21052e+08
14.1274   5.20893e+08
14.1343   5.20734e+08
14.1411   5.20575e+08
14.1479   5.20416e+08
14.1548   5.20257e+08
14.1616   5.20097e+08
14.1685   5.19938e+08
14.1753   5.19778e+08
14.1821   5.19619e+08
14.189   5.19459e+08
14.1958   5.19299e+08
14.2026   5.19139e+08
14.2095   5.18979e+08
14.2163   5.18818e+08
14.2231   5.18658e+08
14.23   5.18497e+08
14.2368   5.18337e+08
14.2437   5.18176e+08
14.2505   5.18015e+08
14.2573   5.17854e+08
14.2642   5.17693e+08
14.271   5.17531e+08
14.2778   5.1737e+08
14.2847   5.17208e+08
14.2915   5.17047e+08
14.2983   5.16885e+08
14.3052   5.16723e+08
14.312   5.16561e+08
14.3188   5.16399e+08
14.3257   5.16237e+08
14.3325   5.16075e+08
14.3394   5.15912e+08
14.3462   5.1575e+08
14.353   5.15587e+08
14.3599   5.15424e+08
14.3667   5.15261e+08
14.3735   5.15098e+08
14.3804   5.14935e+08
14.3872   5.14772e+08
14.394   5.14608e+08
14.4009   5.14445e+08
14.4077   5.14281e+08
14.4146   5.14117e+08
14.4214   5.13953e+08
14.4282   5.13789e+08
14.4351   5.13625e+08
14.4419   5.13461e+08
14.4487   5.13297e+08
14.4556   5.13132e+08
14.4624   5.12968e+08
14.4692   5.12803e+08
14.4761   5.12638e+08
14.4829   5.12473e+08
14.4897   5.12308e+08
14.4966   5.12143e+08
14.502   5.12013e+08
14.5059   5.11918e+08
14.5098   5.11823e+08
14.5137   5.11728e+08
14.5176   5.11633e+08
14.5215   5.11537e+08
14.5254   5.11441e+08
14.5293   5.11344e+08
14.5332   5.11248e+08
14.5371   5.11151e+08
14.541   5.11054e+08
14.5449   5.10956e+08
14.5488   5.10859e+08
14.5527   5.10761e+08
14.5566   5.10663e+08
14.5605   5.10564e+08
14.5645   5.10465e+08
14.5684   5.10366e+08
14.5723   5.10267e+08
14.5762   5.10167e+08
14.5801   5.10068e+08
14.584   5.09968e+08
14.5879   5.09867e+08
14.5918   5.09767e+08
14.5957   5.09666e+08
14.5996   5.09565e+08
14.6035   5.09463e+08
14.6074   5.09361e+08
14.6113   5.09259e+08
14.6152   5.09157e+08
14.6191   5.09055e+08
14.623   5.08952e+08
14.627   5.08849e+08
14.6309   5.08746e+08
14.6348   5.08642e+08
14.6387   5.08538e+08
14.6426   5.08434e+08
14.6465   5.0833e+08
14.6504   5.08225e+08
14.6543   5.0812e+08
14.6582   5.08015e+08
14.6621   5.07909e+08
14.666   5.07804e+08
14.6699   5.07698e+08
14.6738   5.07591e+08
14.6777   5.07485e+08
14.6816   5.07378e+08
14.6855   5.07271e+08
14.6895   5.07164e+08
14.6934   5.07056e+08
14.6973   5.06948e+08
14.7012   5.0684e+08
14.7051   5.06732e+08
14.709   5.06623e+08
14.7129   5.06514e+08
14.7168   5.06405e+08
14.7207   5.06295e+08
14.7246   5.06186e+08
14.7285   5.06076e+08
14.7324   5.05965e+08
14.7363   5.05855e+08
14.7402   5.05744e+08
14.7441   5.05633e+08
14.748   5.05521e+08
14.752   5.0541e+08
14.7559   5.05298e+08
14.7598   5.05186e+08
14.7637   5.05073e+08
14.7676   5.04961e+08
14.7715   5.04848e+08
14.7754   5.04734e+08
14.7793   5.04621e+08
14.7832   5.04507e+08
14.7871   5.04393e+08
14.791   5.04279e+08
14.7949   5.04164e+08
14.7988   5.04049e+08
14.8027   5.03934e+08
14.8066   5.03819e+08
14.8105   5.03703e+08
14.8145   5.03587e+08
14.8184   5.03471e+08
14.8223   5.03355e+08
14.8262   5.03238e+08
14.8301   5.03121e+08
14.834   5.03004e+08
14.8379   5.02886e+08
14.8418   5.02768e+08
14.8457   5.0265e+08
14.8496   5.02532e+08
14.8535   5.02413e+08
14.8574   5.02294e+08
14.8613   5.02175e+08
14.8652   5.02056e+08
14.8691   5.01936e+08
14.873   5.01816e+08
14.877   5.01696e+08
14.8809   5.01576e+08
14.8848   5.01455e+08
14.8887   5.01334e+08
14.8926   5.01212e+08
14.8965   5.01091e+08
14.9004   5.00969e+08
14.9043   5.00847e+08
14.9082   5.00725e+08
14.9121   5.00602e+08
14.916   5.00479e+08
14.9199   5.00356e+08
14.9238   5.00232e+08
14.9277   5.00109e+08
14.9316   4.99985e+08
14.9355   4.9986e+08
14.9395   4.99736e+08
14.9434   4.99611e+08
14.9473   4.99486e+08
14.9512   4.99361e+08
14.9551   4.99235e+08
14.959   4.99109e+08
14.9629   4.98983e+08
14.9668   4.98857e+08
14.9707   4.9873e+08
14.9746   4.98603e+08
14.9785   4.98476e+08
14.9824   4.98348e+08
14.9863   4.98221e+08
14.9902   4.98093e+08
14.9941   4.97964e+08
14.998   4.97836e+08
15.002   4.97707e+08
15.0059   4.97578e+08
15.0098   4.97449e+08
15.0137   4.97319e+08
15.0176   4.97189e+08
15.0215   4.97059e+08
15.0254   4.96928e+08
15.0293   4.96798e+08
15.0332   4.96667e+08
15.0371   4.96535e+08
15.041   4.96404e+08
15.0449   4.96272e+08
15.0488   4.9614e+08
15.0527   4.96008e+08
15.0566   4.95875e+08
15.0605   4.95742e+08
15.0645   4.95609e+08
15.0684   4.95476e+08
15.0723   4.95342e+08
15.0762   4.95208e+08
15.0801   4.95074e+08
15.084   4.94939e+08
15.0879   4.94805e+08
15.0918   4.9467e+08
15.0957   4.94534e+08
15.0996   4.94399e+08
15.1035   4.94263e+08
15.1074   4.94127e+08
15.1113   4.93991e+08
15.1152   4.93854e+08
15.1191   4.93717e+08
15.123   4.9358e+08
15.127   4.93442e+08
15.1309   4.93305e+08
15.1348   4.93167e+08
15.1387   4.93028e+08
15.1426   4.9289e+08
15.1465   4.92751e+08
15.1504   4.92612e+08
15.1543   4.92473e+08
15.1582   4.92333e+08
15.1621   4.92193e+08
15.166   4.92053e+08
15.1699   4.91913e+08
15.1738   4.91772e+08
15.1777   4.91631e+08
15.1816   4.9149e+08
15.1855   4.91348e+08
15.1895   4.91207e+08
15.1934   4.91064e+08
15.1973   4.90922e+08
15.2012   4.9078e+08
15.2051   4.90637e+08
15.209   4.90494e+08
15.2129   4.9035e+08
15.2168   4.90207e+08
15.2207   4.90063e+08
15.2246   4.89918e+08
15.2285   4.89774e+08
15.2324   4.89629e+08
15.2363   4.89484e+08
15.2402   4.89339e+08
15.2441   4.89193e+08
15.248   4.89048e+08
15.252   4.88901e+08
15.2559   4.88755e+08
15.2598   4.88608e+08
15.2637   4.88462e+08
15.2676   4.88314e+08
15.2715   4.88167e+08
15.2754   4.88019e+08
15.2793   4.87871e+08
15.2832   4.87723e+08
15.2871   4.87574e+08
15.291   4.87426e+08
15.2949   4.87277e+08
15.2988   4.87127e+08
15.3027   4.86978e+08
15.3066   4.86828e+08
15.3105   4.86677e+08
15.3145   4.86527e+08
15.3184   4.86376e+08
15.3223   4.86225e+08
15.3262   4.86074e+08
15.3301   4.85923e+08
15.334   4.85771e+08
15.3379   4.85619e+08
15.3418   4.85466e+08
15.3457   4.85314e+08
15.3496   4.85161e+08
15.3535   4.85008e+08
15.3574   4.84854e+08
15.3613   4.84701e+08
15.3652   4.84547e+08
15.3691   4.84392e+08
15.373   4.84238e+08
15.377   4.84083e+08
15.3809   4.83928e+08
15.3848   4.83773e+08
15.3887   4.83617e+08
15.3926   4.83461e+08
15.3965   4.83305e+08
15.4004   4.83149e+08
15.4043   4.82992e+08
15.4082   4.82835e+08
15.4121   4.82678e+08
15.416   4.8252e+08
15.4199   4.82363e+08
15.4238   4.82205e+08
15.4277   4.82046e+08
15.4316   4.81888e+08
15.4355   4.81729e+08
15.4395   4.8157e+08
15.4434   4.8141e+08
15.4473   4.81251e+08
15.4512   4.81091e+08
15.4551   4.8093e+08
15.459   4.8077e+08
15.4629   4.80609e+08
15.4668   4.80448e+08
15.4707   4.80287e+08
15.4746   4.80125e+08
15.4785   4.79963e+08
15.4824   4.79801e+08
15.4863   4.79639e+08
15.4902   4.79476e+08
15.4941   4.79313e+08
15.498   4.7915e+08
15.502   4.78986e+08
15.5059   4.78823e+08
15.5098   4.78659e+08
15.5137   4.78494e+08
15.5176   4.7833e+08
15.5215   4.78165e+08
15.5254   4.78e+08
15.5293   4.77834e+08
15.5332   4.77669e+08
15.5371   4.77503e+08
15.541   4.77336e+08
15.5449   4.7717e+08
15.5488   4.77003e+08
15.5527   4.76836e+08
15.5566   4.76669e+08
15.5605   4.76501e+08
15.5645   4.76333e+08
15.5684   4.76165e+08
15.5723   4.75997e+08
15.5762   4.75828e+08
15.5801   4.75659e+08
15.584   4.7549e+08
15.5879   4.7532e+08
15.5918   4.7515e+08
15.5957   4.7498e+08
15.5996   4.7481e+08
15.6035   4.74639e+08
15.6074   4.74468e+08
15.6113   4.74297e+08
15.6152   4.74126e+08
15.6191   4.73954e+08
15.623   4.73782e+08
15.627   4.7361e+08
15.6309   4.73437e+08
15.6348   4.73264e+08
15.6387   4.73091e+08
15.6426   4.72918e+08
15.6465   4.72744e+08
15.6504   4.7257e+08
15.6543   4.72396e+08
15.6582   4.72222e+08
15.6621   4.72047e+08
15.666   4.71872e+08
15.6699   4.71697e+08
15.6738   4.71521e+08
15.6777   4.71345e+08
15.6816   4.71169e+08
15.6855   4.70993e+08
15.6895   4.70816e+08
15.6934   4.70639e+08
15.6973   4.70462e+08
15.7012   4.70284e+08
15.7051   4.70106e+08
15.709   4.69928e+08
15.7129   4.6975e+08
15.7168   4.69571e+08
15.7207   4.69393e+08
15.7246   4.69213e+08
15.7285   4.69034e+08
15.7324   4.68854e+08
15.7363   4.68674e+08
15.7402   4.68494e+08
15.7441   4.68313e+08
15.748   4.68133e+08
15.752   4.67951e+08
15.7559   4.6777e+08
15.7598   4.67588e+08
15.7637   4.67407e+08
15.7676   4.67224e+08
15.7715   4.67042e+08
15.7754   4.66859e+08
15.7793   4.66676e+08
15.7832   4.66493e+08
15.7871   4.66309e+08
15.791   4.66125e+08
15.7949   4.65941e+08
15.7988   4.65757e+08
15.8027   4.65572e+08
15.8066   4.65387e+08
15.8105   4.65202e+08
15.8145   4.65016e+08
15.8184   4.6483e+08
15.8223   4.64644e+08
15.8262   4.64458e+08
15.8301   4.64271e+08
15.834   4.64084e+08
15.8379   4.63897e+08
15.8418   4.6371e+08
15.8457   4.63522e+08
15.8496   4.63334e+08
15.8535   4.63146e+08
15.8574   4.62957e+08
15.8613   4.62768e+08
15.8652   4.62579e+08
15.8691   4.62389e+08
15.873   4.622e+08
15.877   4.6201e+08
15.8809   4.61819e+08
15.8848   4.61629e+08
15.8887   4.61438e+08
15.8926   4.61247e+08
15.8965   4.61056e+08
15.9004   4.60864e+08
15.9043   4.60672e+08
15.9082   4.6048e+08
15.9121   4.60287e+08
15.916   4.60094e+08
15.9199   4.59901e+08
15.9238   4.59708e+08
15.9277   4.59514e+08
15.9316   4.59321e+08
15.9355   4.59126e+08
15.9395   4.58932e+08
15.9434   4.58737e+08
15.9473   4.58542e+08
15.9512   4.58347e+08
15.9551   4.58151e+08
15.959   4.57955e+08
15.9629   4.57759e+08
15.9668   4.57563e+08
15.9707   4.57366e+08
15.9746   4.57169e+08
15.9785   4.56972e+08
15.9824   4.56774e+08
15.9863   4.56576e+08
15.9902   4.56378e+08
15.9941   4.5618e+08
15.998   4.55981e+08
16.002   4.55782e+08
16.0059   4.55583e+08
16.0098   4.55384e+08
16.0137   4.55184e+08
16.0176   4.54984e+08
16.0215   4.54783e+08
16.0254   4.54583e+08
16.0293   4.54382e+08
16.0332   4.54181e+08
16.0371   4.53979e+08
16.041   4.53777e+08
16.0449   4.53575e+08
16.0488   4.53373e+08
16.0527   4.5317e+08
16.0566   4.52967e+08
16.0605   4.52764e+08
16.0645   4.52561e+08
16.0684   4.52357e+08
16.0723   4.52153e+08
16.0762   4.51949e+08
16.0801   4.51744e+08
16.084   4.51539e+08
16.0879   4.51334e+08
16.0918   4.51129e+08
16.0957   4.50923e+08
16.0996   4.50717e+08
16.1035   4.50511e+08
16.1074   4.50304e+08
16.1113   4.50097e+08
16.1152   4.4989e+08
16.1191   4.49683e+08
16.123   4.49475e+08
16.127   4.49267e+08
16.1309   4.49059e+08
16.1348   4.4885e+08
16.1387   4.48641e+08
16.1426   4.48432e+08
16.1465   4.48223e+08
16.1504   4.48013e+08
16.1543   4.47803e+08
16.1582   4.47593e+08
16.1621   4.47382e+08
16.166   4.47171e+08
16.1699   4.4696e+08
16.1738   4.46749e+08
16.1777   4.46537e+08
16.1816   4.46325e+08
16.1855   4.46113e+08
16.1895   4.459e+08
16.1934   4.45687e+08
16.1973   4.45474e+08
16.2012   4.45261e+08
16.2051   4.45047e+08
16.209   4.44833e+08
16.2129   4.44619e+08
16.2168   4.44404e+08
16.2207   4.44189e+08
16.2246   4.43974e+08
16.2285   4.43759e+08
16.2324   4.43543e+08
16.2363   4.43327e+08
16.2402   4.43111e+08
16.2441   4.42894e+08
16.248   4.42677e+08
16.252   4.4246e+08
16.2559   4.42243e+08
16.2598   4.42025e+08
16.2637   4.41807e+08
16.2676   4.41589e+08
16.2715   4.4137e+08
16.2754   4.41151e+08
16.2793   4.40932e+08
16.2832   4.40713e+08
16.2871   4.40493e+08
16.291   4.40273e+08
16.2949   4.40053e+08
16.2988   4.39832e+08
16.3027   4.39611e+08
16.3066   4.3939e+08
16.3105   4.39169e+08
16.3145   4.38947e+08
16.3184   4.38725e+08
16.3223   4.38503e+08
16.3262   4.3828e+08
16.3301   4.38057e+08
16.334   4.37834e+08
16.3379   4.37611e+08
16.3418   4.37387e+08
16.3457   4.37163e+08
16.3496   4.36938e+08
16.3535   4.36714e+08
16.3574   4.36489e+08
16.3613   4.36264e+08
16.3652   4.36038e+08
16.3691   4.35812e+08
16.373   4.35586e+08
16.377   4.3536e+08
16.3809   4.35133e+08
16.3848   4.34906e+08
16.3887   4.34679e+08
16.3926   4.34451e+08
16.3965   4.34224e+08
16.4004   4.33996e+08
16.4043   4.33767e+08
16.4082   4.33538e+08
16.4121   4.33309e+08
16.416   4.3308e+08
16.4199   4.32851e+08
16.4238   4.32621e+08
16.4277   4.32391e+08
16.4316   4.3216e+08
16.4355   4.31929e+08
16.4395   4.31698e+08
16.4434   4.31467e+08
16.4473   4.31235e+08
16.4512   4.31003e+08
16.4551   4.30771e+08
16.459   4.30539e+08
16.4629   4.30306e+08
16.4668   4.30073e+08
16.4707   4.2984e+08
16.4746   4.29606e+08
16.4785   4.29372e+08
16.4824   4.29138e+08
16.4863   4.28903e+08
16.4902   4.28668e+08
16.4941   4.28433e+08
16.498   4.28198e+08
16.5034   4.27874e+08
16.5103   4.27461e+08
16.5171   4.27048e+08
16.5239   4.26635e+08
16.5308   4.26222e+08
16.5376   4.25808e+08
16.5444   4.25394e+08
16.5513   4.2498e+08
16.5581   4.24566e+08
16.5649   4.24152e+08
16.5718   4.23738e+08
16.5786   4.23323e+08
16.5854   4.22908e+08
16.5923   4.22493e+08
16.5991   4.22077e+08
16.606   4.21662e+08
16.6128   4.21246e+08
16.6196   4.2083e+08
16.6265   4.20414e+08
16.6333   4.19998e+08
16.6401   4.19581e+08
16.647   4.19164e+08
16.6538   4.18747e+08
16.6606   4.1833e+08
16.6675   4.17913e+08
16.6743   4.17495e+08
16.6812   4.17077e+08
16.688   4.16659e+08
16.6948   4.16241e+08
16.7017   4.15823e+08
16.7085   4.15404e+08
16.7153   4.14985e+08
16.7222   4.14566e+08
16.729   4.14146e+08
16.7358   4.13727e+08
16.7427   4.13307e+08
16.7495   4.12887e+08
16.7563   4.12467e+08
16.7632   4.12046e+08
16.77   4.11626e+08
16.7769   4.11205e+08
16.7837   4.10784e+08
16.7905   4.10362e+08
16.7974   4.09941e+08
16.8042   4.09519e+08
16.811   4.09097e+08
16.8179   4.08675e+08
16.8247   4.08252e+08
16.8315   4.0783e+08
16.8384   4.07407e+08
16.8452   4.06984e+08
16.8521   4.0656e+08
16.8589   4.06137e+08
16.8657   4.05713e+08
16.8726   4.05289e+08
16.8794   4.04864e+08
16.8862   4.0444e+08
16.8931   4.04015e+08
16.8999   4.0359e+08
16.9067   4.03165e+08
16.9136   4.02739e+08
16.9204   4.02313e+08
16.9272   4.01887e+08
16.9341   4.01461e+08
16.9409   4.01035e+08
16.9478   4.00608e+08
16.9546   4.00181e+08
16.9614   3.99754e+08
16.9683   3.99327e+08
16.9751   3.98899e+08
16.9819   3.98471e+08
16.9888   3.98043e+08
16.9956   3.97614e+08
17.0024   3.97186e+08
17.0093   3.96757e+08
17.0161   3.96328e+08
17.0229   3.95898e+08
17.0298   3.95469e+08
17.0366   3.95039e+08
17.0435   3.94609e+08
17.0503   3.94178e+08
17.0571   3.93748e+08
17.064   3.93317e+08
17.0708   3.92886e+08
17.0776   3.92454e+08
17.0845   3.92022e+08
17.0913   3.91591e+08
17.0981   3.91158e+08
17.105   3.90726e+08
17.1118   3.90293e+08
17.1187   3.8986e+08
17.1255   3.89427e+08
17.1323   3.88993e+08
17.1392   3.8856e+08
17.146   3.88126e+08
17.1528   3.87691e+08
17.1597   3.87257e+08
17.1665   3.86822e+08
17.1733   3.86387e+08
17.1802   3.85952e+08
17.187   3.85516e+08
17.1938   3.8508e+08
17.2007   3.84644e+08
17.2075   3.84207e+08
17.2144   3.83771e+08
17.2212   3.83334e+08
17.228   3.82897e+08
17.2349   3.82459e+08
17.2417   3.82021e+08
17.2485   3.81583e+08
17.2554   3.81145e+08
17.2622   3.80706e+08
17.269   3.80267e+08
17.2759   3.79828e+08
17.2827   3.79389e+08
17.2896   3.78949e+08
17.2964   3.78509e+08
17.3032   3.78068e+08
17.3101   3.77628e+08
17.3169   3.77187e+08
17.3237   3.76746e+08
17.3306   3.76304e+08
17.3374   3.75862e+08
17.3442   3.7542e+08
17.3511   3.74978e+08
17.3579   3.74535e+08
17.3647   3.74093e+08
17.3716   3.73649e+08
17.3784   3.73206e+08
17.3853   3.72762e+08
17.3921   3.72318e+08
17.3989   3.71873e+08
17.4058   3.71429e+08
17.4126   3.70984e+08
17.4194   3.70538e+08
17.4263   3.70093e+08
17.4331   3.69647e+08
17.4399   3.69201e+08
17.4468   3.68754e+08
17.4536   3.68307e+08
17.4604   3.6786e+08
17.4673   3.67413e+08
17.4741   3.66965e+08
17.481   3.66517e+08
17.4878   3.66069e+08
17.4946   3.6562e+08
17.5015   3.65171e+08
17.5083   3.64722e+08
17.5151   3.64272e+08
17.522   3.63822e+08
17.5288   3.63372e+08
17.5356   3.62921e+08
17.5425   3.6247e+08
17.5493   3.62019e+08
17.5562   3.61568e+08
17.563   3.61116e+08
17.5698   3.60664e+08
17.5767   3.60211e+08
17.5835   3.59758e+08
17.5903   3.59305e+08
17.5972   3.58852e+08
17.604   3.58398e+08
17.6108   3.57944e+08
17.6177   3.57489e+08
17.6245   3.57034e+08
17.6313   3.56579e+08
17.6382   3.56124e+08
17.645   3.55668e+08
17.6519   3.55212e+08
17.6587   3.54755e+08
17.6655   3.54298e+08
17.6724   3.53841e+08
17.6792   3.53384e+08
17.686   3.52926e+08
17.6929   3.52468e+08
17.6997   3.52009e+08
17.7065   3.5155e+08
17.7134   3.51091e+08
17.7202   3.50631e+08
17.7271   3.50171e+08
17.7339   3.49711e+08
17.7407   3.4925e+08
17.7476   3.48789e+08
17.7544   3.48328e+08
17.7612   3.47866e+08
17.7681   3.47404e+08
17.7749   3.46941e+08
17.7817   3.46479e+08
17.7886   3.46015e+08
17.7954   3.45552e+08
17.8022   3.45088e+08
17.8091   3.44624e+08
17.8159   3.44159e+08
17.8228   3.43694e+08
17.8296   3.43228e+08
17.8364   3.42763e+08
17.8433   3.42296e+08
17.8501   3.4183e+08
17.8569   3.41363e+08
17.8638   3.40896e+08
17.8706   3.40428e+08
17.8774   3.3996e+08
17.8843   3.39491e+08
17.8911   3.39023e+08
17.8979   3.38553e+08
17.9048   3.38084e+08
17.9116   3.37614e+08
17.9185   3.37143e+08
17.9253   3.36672e+08
17.9321   3.36201e+08
17.939   3.3573e+08
17.9458   3.35258e+08
17.9526   3.34785e+08
17.9595   3.34312e+08
17.9663   3.33839e+08
17.9731   3.33365e+08
17.98   3.32891e+08
17.9868   3.32417e+08
17.9937   3.31942e+08
18.0005   3.31467e+08
18.0073   3.30991e+08
18.0142   3.30515e+08
18.021   3.30039e+08
18.0278   3.29562e+08
18.0347   3.29084e+08
18.0415   3.28606e+08
18.0483   3.28128e+08
18.0552   3.27649e+08
18.062   3.2717e+08
18.0688   3.26691e+08
18.0757   3.26211e+08
18.0825   3.2573e+08
18.0894   3.2525e+08
18.0962   3.24768e+08
18.103   3.24287e+08
18.1099   3.23804e+08
18.1167   3.23322e+08
18.1235   3.22839e+08
18.1304   3.22355e+08
18.1372   3.21871e+08
18.144   3.21387e+08
18.1509   3.20902e+08
18.1577   3.20417e+08
18.1646   3.19931e+08
18.1714   3.19445e+08
18.1782   3.18958e+08
18.1851   3.18471e+08
18.1919   3.17983e+08
18.1987   3.17495e+08
18.2056   3.17006e+08
18.2124   3.16517e+08
18.2192   3.16027e+08
18.2261   3.15537e+08
18.2329   3.15047e+08
18.2397   3.14556e+08
18.2466   3.14064e+08
18.2534   3.13572e+08
18.2603   3.13079e+08
18.2671   3.12586e+08
18.2739   3.12093e+08
18.2808   3.11599e+08
18.2876   3.11104e+08
18.2944   3.10609e+08
18.3013   3.10114e+08
18.3081   3.09617e+08
18.3149   3.09121e+08
18.3218   3.08624e+08
18.3286   3.08126e+08
18.3354   3.07628e+08
18.3423   3.07129e+08
18.3491   3.0663e+08
18.356   3.0613e+08
18.3628   3.0563e+08
18.3696   3.05129e+08
18.3765   3.04628e+08
18.3833   3.04126e+08
18.3901   3.03623e+08
18.397   3.0312e+08
18.4038   3.02616e+08
18.4106   3.02112e+08
18.4175   3.01607e+08
18.4243   3.01102e+08
18.4312   3.00596e+08
18.438   3.0009e+08
18.4448   2.99583e+08
18.4517   2.99075e+08
18.4585   2.98567e+08
18.4653   2.98058e+08
18.4722   2.97549e+08
18.479   2.97039e+08
18.4858   2.96528e+08
18.4927   2.96017e+08
18.4995   2.95505e+08
18.5063   2.94993e+08
18.5132   2.9448e+08
18.52   2.93966e+08
18.5269   2.93452e+08
18.5337   2.92937e+08
18.5405   2.92421e+08
18.5474   2.91905e+08
18.5542   2.91388e+08
18.561   2.90871e+08
18.5679   2.90353e+08
18.5747   2.89834e+08
18.5815   2.89315e+08
18.5884   2.88794e+08
18.5952   2.88274e+08
18.6021   2.87752e+08
18.6089   2.8723e+08
18.6157   2.86707e+08
18.6226   2.86184e+08
18.6294   2.8566e+08
18.6362   2.85135e+08
18.6431   2.84609e+08
18.6499   2.84083e+08
18.6567   2.83556e+08
18.6636   2.83029e+08
18.6704   2.825e+08
18.6772   2.81971e+08
18.6841   2.81441e+08
18.6909   2.80911e+08
18.6978   2.80379e+08
18.7046   2.79847e+08
18.7114   2.79314e+08
18.7183   2.78781e+08
18.7251   2.78246e+08
18.7319   2.77711e+08
18.7388   2.77175e+08
18.7456   2.76639e+08
18.7524   2.76101e+08
18.7593   2.75563e+08
18.7661   2.75024e+08
18.7729   2.74484e+08
18.7798   2.73943e+08
18.7866   2.73401e+08
18.7935   2.72859e+08
18.8003   2.72316e+08
18.8071   2.71772e+08
18.814   2.71227e+08
18.8208   2.70681e+08
18.8276   2.70134e+08
18.8345   2.69587e+08
18.8413   2.69038e+08
18.8481   2.68489e+08
18.855   2.67939e+08
18.8618   2.67388e+08
18.8687   2.66836e+08
18.8755   2.66283e+08
18.8823   2.65729e+08
18.8892   2.65174e+08
18.896   2.64618e+08
18.9028   2.64061e+08
18.9097   2.63504e+08
18.9165   2.62945e+08
18.9233   2.62385e+08
18.9302   2.61824e+08
18.937   2.61263e+08
18.9438   2.607e+08
18.9507   2.60136e+08
18.9575   2.59571e+08
18.9644   2.59006e+08
18.9712   2.58439e+08
18.978   2.57871e+08
18.9849   2.57302e+08
18.9917   2.56731e+08
18.9985   2.5616e+08
19.0054   2.55588e+08
19.0122   2.55014e+08
19.019   2.5444e+08
19.0259   2.53864e+08
19.0327   2.53287e+08
19.0396   2.52709e+08
19.0464   2.52129e+08
19.0532   2.51549e+08
19.0601   2.50967e+08
19.0669   2.50384e+08
19.0737   2.49799e+08
19.0806   2.49214e+08
19.0874   2.48627e+08
19.0942   2.48039e+08
19.1011   2.47449e+08
19.1079   2.46859e+08
19.1147   2.46267e+08
19.1216   2.45673e+08
19.1284   2.45078e+08
19.1353   2.44482e+08
19.1421   2.43884e+08
19.1489   2.43285e+08
19.1558   2.42685e+08
19.1626   2.42083e+08
19.1694   2.41479e+08
19.1763   2.40874e+08
19.1831   2.40268e+08
19.1899   2.39659e+08
19.1968   2.3905e+08
19.2036   2.38439e+08
19.2104   2.37826e+08
19.2173   2.37211e+08
19.2241   2.36595e+08
19.231   2.35977e+08
19.2378   2.35358e+08
19.2446   2.34736e+08
19.2515   2.34113e+08
19.2583   2.33489e+08
19.2651   2.32862e+08
19.272   2.32233e+08
19.2788   2.31603e+08
19.2856   2.30971e+08
19.2925   2.30337e+08
19.2993   2.29701e+08
19.3062   2.29063e+08
19.313   2.28423e+08
19.3198   2.2778e+08
19.3267   2.27136e+08
19.3335   2.2649e+08
19.3403   2.25842e+08
19.3472   2.25191e+08
19.354   2.24538e+08
19.3608   2.23883e+08
19.3677   2.23226e+08
19.3745   2.22566e+08
19.3813   2.21904e+08
19.3882   2.21239e+08
19.395   2.20572e+08
19.4019   2.19903e+08
19.4087   2.19231e+08
19.4155   2.18556e+08
19.4224   2.17879e+08
19.4292   2.17199e+08
19.436   2.16516e+08
19.4429   2.15831e+08
19.4497   2.15143e+08
19.4565   2.14452e+08
19.4634   2.13757e+08
19.4702   2.1306e+08
19.4771   2.1236e+08
19.4839   2.11657e+08
19.4907   2.1095e+08
19.4976   2.1024e+08
19.5044   2.09527e+08
19.5112   2.08811e+08
19.5181   2.08091e+08
19.5249   2.07367e+08
19.5317   2.0664e+08
19.5386   2.05909e+08
19.5454   2.05175e+08
19.5522   2.04437e+08
19.5591   2.03694e+08
19.5659   2.02948e+08
19.5728   2.02197e+08
19.5796   2.01443e+08
19.5864   2.00684e+08
19.5933   1.9992e+08
19.6001   1.99152e+08
19.6069   1.9838e+08
19.6138   1.97602e+08
19.6206   1.9682e+08
19.6274   1.96033e+08
19.6343   1.95241e+08
19.6411   1.94443e+08
19.6479   1.93641e+08
19.6548   1.92832e+08
19.6616   1.92018e+08
19.6685   1.91199e+08
19.6753   1.90373e+08
19.6821   1.89541e+08
19.689   1.88703e+08
19.6958   1.87858e+08
19.7026   1.87007e+08
19.7095   1.86149e+08
19.7163   1.85284e+08
19.7231   1.84411e+08
19.73   1.83532e+08
19.7368   1.82644e+08
19.7437   1.81748e+08
19.7505   1.80844e+08
19.7573   1.79932e+08
19.7642   1.79011e+08
19.771   1.78081e+08
19.7778   1.77141e+08
19.7847   1.76192e+08
19.7915   1.75232e+08
19.7983   1.74263e+08
19.8052   1.73282e+08
19.812   1.7229e+08
19.8188   1.71286e+08
19.8257   1.7027e+08
19.8325   1.69242e+08
19.8394   1.682e+08
19.8462   1.67145e+08
19.853   1.66075e+08
19.8599   1.6499e+08
19.8667   1.63889e+08
19.8735   1.62772e+08
19.8804   1.61637e+08
19.8872   1.60485e+08
19.894   1.59313e+08
19.9009   1.58121e+08
19.9077   1.56907e+08
19.9146   1.55671e+08
19.9214   1.5441e+08
19.9282   1.53124e+08
19.9351   1.51811e+08
19.9419   1.50467e+08
19.9487   1.49091e+08
19.9556   1.47679e+08
19.9624   1.46227e+08
19.9692   1.44729e+08
19.9761   1.43178e+08
19.9829   1.41563e+08
19.9897   1.39867e+08
19.9966   1.3806e+08

