3.97283e-16    0.0718455    0.0900247    0.292246    0.889416    1.88772    2.18152    581.64    51.1399    0.26841    
1.49714e-15    0.205462    0.23247    0.738515    2.19095    4.3942    4.53384    605.358    43.451    0.597209    
4.09682e-15    0.424101    0.408101    1.25485    3.57371    6.47769    5.39667    195.135    34.9074    0.862802    
9.43325e-15    0.706977    0.573351    1.7137    4.67758    7.62846    5.40143    107.68    38.6872    1.03189    
1.26931e-14    0.861499    0.661713    1.97311    5.4372    9.03038    6.44631    148.416    43.2654    1.07361    
1.02687e-14    0.794006    0.627157    1.90044    5.50384    10.3156    8.77165    380.954    48.8026    0.967011    
5.84201e-15    0.553327    0.464582    1.42449    4.24549    8.5747    8.68038    1251.6    79.8918    0.710771    
2.1782e-15    0.242916    0.214762    0.662541    1.99739    4.15105    4.5171    1198.93    105.542    0.331579    

0.0488047    26604.2    25490.3    49923.7    59580.6    31159    6338.63    374.058    26.623    1.06326    
0.168399    73487.2    64811.1    123924    143465    72193.1    14265.6    828.741    58.5861    2.33649    
0.430839    145423    111780    206716    230082    110088    20899.6    1185.41    82.874    3.2977    
0.936992    233593    155441    279977    302008    138457    25284.5    1396.2    96.2735    3.82071    
1.23757    281610    177832    316074    334963    149404    26469.7    1425.69    96.8959    3.83533    
1.02765    261048    167211    296065    311760    137232    23837.1    1258.48    84.4163    3.33392    
0.607627    184288    123759    219474    231201    101398    17423.7    907.277    60.2437    2.37542    
0.234397    81799.3    57289.6    101873    107565    47190    8071.17    417.132    27.5321    1.08461    

