0   1.18242
10   1.1814
20   1.17984
30   1.17825
40   1.17663
50   1.17501
60   1.17337
70   1.17173
80   1.17007
90   1.16841
100   1.16673
110   1.16504
120   1.16335
130   1.16164
140   1.15992
150   1.1582
160   1.15646
170   1.15472
180   1.15296
190   1.1512
200   1.14942
210   1.14764
220   1.14585
230   1.14405
240   1.14224
250   1.14042
260   1.13859
270   1.13676
280   1.13491
290   1.13306
300   1.1312
310   1.12933
320   1.12746
330   1.12557
340   1.12368
350   1.12178
360   1.11987
370   1.11795
380   1.11603
390   1.1141
400   1.11216
410   1.11021
420   1.10826
430   1.1063
440   1.10433
450   1.10236
460   1.10038
470   1.09839
480   1.09639
490   1.09439
500   1.09239
510   1.09037
520   1.08835
530   1.08632
540   1.08429
550   1.08225
560   1.0802
570   1.07815
580   1.0761
590   1.07403
600   1.07196
610   1.06989
620   1.06781
630   1.06572
640   1.06363
650   1.06153
660   1.05943
670   1.05732
680   1.05521
690   1.05309
700   1.05097
710   1.04884
720   1.0467
730   1.04457
740   1.04242
750   1.04028
760   1.03812
770   1.03597
780   1.0338
790   1.03164
800   1.02947
810   1.02729
820   1.02511
830   1.02293
840   1.02074
850   1.01855
860   1.01636
870   1.01416
880   1.01196
890   1.00975
900   1.00754
910   1.00532
920   1.00311
930   1.00089
940   0.998661
950   0.996433
960   0.994201
970   0.991966
980   0.989728
990   0.987487
1000   0.985243
1010   0.982995
1020   0.980745
1030   0.978492
1040   0.976235
1050   0.973976
1060   0.971715
1070   0.96945
1080   0.967183
1090   0.964914
1100   0.962642
1110   0.960367
1120   0.958091
1130   0.955811
1140   0.95353
1150   0.951246
1160   0.948961
1170   0.946673
1180   0.944383
1190   0.942091
1200   0.939797
1210   0.937501
1220   0.935204
1230   0.932905
1240   0.930604
1250   0.928301
1260   0.925997
1270   0.923692
1280   0.921384
1290   0.919076
1300   0.916766
1310   0.914455
1320   0.912142
1330   0.909829
1340   0.907514
1350   0.905198
1360   0.902881
1370   0.900564
1380   0.898245
1390   0.895925
1400   0.893605
1410   0.891284
1420   0.888962
1430   0.886639
1440   0.884316
1450   0.881992
1460   0.879668
1470   0.877344
1480   0.875019
1490   0.872694
1500   0.870368
1510   0.868042
1520   0.865716
1530   0.86339
1540   0.861064
1550   0.858738
1560   0.856412
1570   0.854086
1580   0.85176
1590   0.849434
1600   0.847109
1610   0.844784
1620   0.842459
1630   0.840134
1640   0.83781
1650   0.835487
1660   0.833164
1670   0.830842
1680   0.82852
1690   0.826199
1700   0.823879
1710   0.821559
1720   0.819241
1730   0.816923
1740   0.814606
1750   0.812291
1760   0.809976
1770   0.807662
1780   0.80535
1790   0.803039
1800   0.800729
1810   0.79842
1820   0.796113
1830   0.793807
1840   0.791502
1850   0.789199
1860   0.786898
1870   0.784598
1880   0.7823
1890   0.780003
1900   0.777708
1910   0.775415
1920   0.773124
1930   0.770835
1940   0.768547
1950   0.766262
1960   0.763979
1970   0.761697
1980   0.759418
1990   0.757141

