0   1.18242
10   1.18197
20   1.18105
30   1.1801
40   1.17914
50   1.17818
60   1.17721
70   1.17624
80   1.17527
90   1.17429
100   1.17331
110   1.17232
120   1.17133
130   1.17034
140   1.16934
150   1.16834
160   1.16733
170   1.16632
180   1.16531
190   1.1643
200   1.16328
210   1.16225
220   1.16123
230   1.1602
240   1.15916
250   1.15812
260   1.15708
270   1.15604
280   1.15499
290   1.15394
300   1.15289
310   1.15183
320   1.15077
330   1.1497
340   1.14864
350   1.14756
360   1.14649
370   1.14541
380   1.14433
390   1.14325
400   1.14216
410   1.14107
420   1.13998
430   1.13888
440   1.13778
450   1.13668
460   1.13557
470   1.13447
480   1.13335
490   1.13224
500   1.13112
510   1.13
520   1.12888
530   1.12775
540   1.12662
550   1.12549
560   1.12435
570   1.12322
580   1.12208
590   1.12093
600   1.11979
610   1.11864
620   1.11749
630   1.11633
640   1.11517
650   1.11401
660   1.11285
670   1.11169
680   1.11052
690   1.10935
700   1.10818
710   1.107
720   1.10582
730   1.10464
740   1.10346
750   1.10227
760   1.10109
770   1.09989
780   1.0987
790   1.09751
800   1.09631
810   1.09511
820   1.09391
830   1.0927
840   1.09149
850   1.09028
860   1.08907
870   1.08786
880   1.08664
890   1.08542
900   1.0842
910   1.08298
920   1.08175
930   1.08053
940   1.0793
950   1.07806
960   1.07683
970   1.07559
980   1.07436
990   1.07312
1000   1.07187
1010   1.07063
1020   1.06938
1030   1.06813
1040   1.06688
1050   1.06563
1060   1.06438
1070   1.06312
1080   1.06186
1090   1.0606
1100   1.05934
1110   1.05807
1120   1.05681
1130   1.05554
1140   1.05427
1150   1.053
1160   1.05172
1170   1.05045
1180   1.04917
1190   1.04789
1200   1.04661
1210   1.04533
1220   1.04405
1230   1.04276
1240   1.04147
1250   1.04018
1260   1.03889
1270   1.0376
1280   1.03631
1290   1.03501
1300   1.03371
1310   1.03241
1320   1.03111
1330   1.02981
1340   1.02851
1350   1.0272
1360   1.02589
1370   1.02459
1380   1.02328
1390   1.02196
1400   1.02065
1410   1.01934
1420   1.01802
1430   1.0167
1440   1.01539
1450   1.01407
1460   1.01274
1470   1.01142
1480   1.0101
1490   1.00877
1500   1.00744
1510   1.00612
1520   1.00479
1530   1.00346
1540   1.00212
1550   1.00079
1560   0.999457
1570   0.998121
1580   0.996784
1590   0.995446
1600   0.994106
1610   0.992766
1620   0.991424
1630   0.990081
1640   0.988737
1650   0.987392
1660   0.986046
1670   0.984698
1680   0.98335
1690   0.982
1700   0.98065
1710   0.979298
1720   0.977945
1730   0.976592
1740   0.975237
1750   0.973881
1760   0.972525
1770   0.971167
1780   0.969808
1790   0.968449
1800   0.967088
1810   0.965727
1820   0.964364
1830   0.963001
1840   0.961637
1850   0.960272
1860   0.958906
1870   0.95754
1880   0.956172
1890   0.954804
1900   0.953435
1910   0.952065
1920   0.950694
1930   0.949323
1940   0.94795
1950   0.946577
1960   0.945204
1970   0.943829
1980   0.942454
1990   0.941078

