0   1.18242
10   1.18154
20   1.18015
30   1.17871
40   1.17726
50   1.17581
60   1.17434
70   1.17286
80   1.17138
90   1.16989
100   1.16839
110   1.16688
120   1.16536
130   1.16384
140   1.16231
150   1.16076
160   1.15922
170   1.15766
180   1.15609
190   1.15452
200   1.15294
210   1.15135
220   1.14976
230   1.14816
240   1.14655
250   1.14493
260   1.14331
270   1.14167
280   1.14004
290   1.13839
300   1.13674
310   1.13508
320   1.13341
330   1.13174
340   1.13006
350   1.12837
360   1.12668
370   1.12498
380   1.12328
390   1.12157
400   1.11985
410   1.11812
420   1.11639
430   1.11466
440   1.11291
450   1.11117
460   1.10941
470   1.10765
480   1.10589
490   1.10411
500   1.10234
510   1.10055
520   1.09877
530   1.09697
540   1.09517
550   1.09337
560   1.09156
570   1.08974
580   1.08792
590   1.0861
600   1.08427
610   1.08243
620   1.08059
630   1.07875
640   1.0769
650   1.07504
660   1.07318
670   1.07132
680   1.06945
690   1.06758
700   1.0657
710   1.06382
720   1.06193
730   1.06004
740   1.05814
750   1.05624
760   1.05434
770   1.05243
780   1.05052
790   1.0486
800   1.04668
810   1.04476
820   1.04283
830   1.0409
840   1.03896
850   1.03702
860   1.03508
870   1.03313
880   1.03118
890   1.02923
900   1.02727
910   1.02531
920   1.02335
930   1.02138
940   1.01941
950   1.01743
960   1.01546
970   1.01348
980   1.01149
990   1.0095
1000   1.00752
1010   1.00552
1020   1.00353
1030   1.00153
1040   0.999527
1050   0.997523
1060   0.995517
1070   0.993507
1080   0.991495
1090   0.98948
1100   0.987463
1110   0.985443
1120   0.983421
1130   0.981396
1140   0.979369
1150   0.97734
1160   0.975308
1170   0.973274
1180   0.971238
1190   0.9692
1200   0.96716
1210   0.965117
1220   0.963073
1230   0.961026
1240   0.958978
1250   0.956927
1260   0.954875
1270   0.952821
1280   0.950766
1290   0.948708
1300   0.946649
1310   0.944588
1320   0.942526
1330   0.940462
1340   0.938396
1350   0.936329
1360   0.934261
1370   0.932191
1380   0.93012
1390   0.928047
1400   0.925973
1410   0.923898
1420   0.921822
1430   0.919745
1440   0.917666
1450   0.915587
1460   0.913506
1470   0.911425
1480   0.909342
1490   0.907259
1500   0.905175
1510   0.903089
1520   0.901004
1530   0.898917
1540   0.89683
1550   0.894741
1560   0.892653
1570   0.890564
1580   0.888474
1590   0.886383
1600   0.884293
1610   0.882201
1620   0.88011
1630   0.878018
1640   0.875925
1650   0.873833
1660   0.87174
1670   0.869647
1680   0.867554
1690   0.86546
1700   0.863367
1710   0.861273
1720   0.85918
1730   0.857086
1740   0.854993
1750   0.8529
1760   0.850806
1770   0.848713
1780   0.846621
1790   0.844528
1800   0.842436
1810   0.840344
1820   0.838252
1830   0.836161
1840   0.83407
1850   0.83198
1860   0.82989
1870   0.827801
1880   0.825712
1890   0.823624
1900   0.821537
1910   0.81945
1920   0.817364
1930   0.815279
1940   0.813194
1950   0.811111
1960   0.809028
1970   0.806946
1980   0.804865
1990   0.802785

