0   1.18242
10   1.18211
20   1.18136
30   1.18056
40   1.17977
50   1.17897
60   1.17816
70   1.17736
80   1.17655
90   1.17574
100   1.17493
110   1.17411
120   1.17329
130   1.17247
140   1.17164
150   1.17082
160   1.16999
170   1.16915
180   1.16832
190   1.16748
200   1.16664
210   1.1658
220   1.16496
230   1.16411
240   1.16326
250   1.16241
260   1.16155
270   1.16069
280   1.15983
290   1.15897
300   1.15811
310   1.15724
320   1.15637
330   1.1555
340   1.15462
350   1.15375
360   1.15287
370   1.15199
380   1.1511
390   1.15022
400   1.14933
410   1.14844
420   1.14755
430   1.14665
440   1.14575
450   1.14485
460   1.14395
470   1.14305
480   1.14214
490   1.14123
500   1.14032
510   1.13941
520   1.1385
530   1.13758
540   1.13666
550   1.13574
560   1.13482
570   1.13389
580   1.13296
590   1.13203
600   1.1311
610   1.13017
620   1.12923
630   1.12829
640   1.12735
650   1.12641
660   1.12547
670   1.12452
680   1.12358
690   1.12263
700   1.12167
710   1.12072
720   1.11977
730   1.11881
740   1.11785
750   1.11689
760   1.11593
770   1.11496
780   1.11399
790   1.11303
800   1.11205
810   1.11108
820   1.11011
830   1.10913
840   1.10816
850   1.10718
860   1.10619
870   1.10521
880   1.10423
890   1.10324
900   1.10225
910   1.10126
920   1.10027
930   1.09928
940   1.09828
950   1.09729
960   1.09629
970   1.09529
980   1.09429
990   1.09328
1000   1.09228
1010   1.09127
1020   1.09026
1030   1.08925
1040   1.08824
1050   1.08723
1060   1.08621
1070   1.0852
1080   1.08418
1090   1.08316
1100   1.08214
1110   1.08112
1120   1.08009
1130   1.07907
1140   1.07804
1150   1.07701
1160   1.07598
1170   1.07495
1180   1.07392
1190   1.07289
1200   1.07185
1210   1.07081
1220   1.06978
1230   1.06874
1240   1.06769
1250   1.06665
1260   1.06561
1270   1.06456
1280   1.06352
1290   1.06247
1300   1.06142
1310   1.06037
1320   1.05932
1330   1.05826
1340   1.05721
1350   1.05615
1360   1.05509
1370   1.05403
1380   1.05297
1390   1.05191
1400   1.05085
1410   1.04979
1420   1.04872
1430   1.04766
1440   1.04659
1450   1.04552
1460   1.04445
1470   1.04338
1480   1.04231
1490   1.04123
1500   1.04016
1510   1.03908
1520   1.03801
1530   1.03693
1540   1.03585
1550   1.03477
1560   1.03369
1570   1.03261
1580   1.03152
1590   1.03044
1600   1.02935
1610   1.02827
1620   1.02718
1630   1.02609
1640   1.025
1650   1.02391
1660   1.02282
1670   1.02172
1680   1.02063
1690   1.01953
1700   1.01844
1710   1.01734
1720   1.01624
1730   1.01514
1740   1.01404
1750   1.01294
1760   1.01184
1770   1.01074
1780   1.00963
1790   1.00853
1800   1.00742
1810   1.00631
1820   1.00521
1830   1.0041
1840   1.00299
1850   1.00188
1860   1.00077
1870   0.999655
1880   0.998543
1890   0.997429
1900   0.996314
1910   0.995199
1920   0.994083
1930   0.992966
1940   0.991848
1950   0.990729
1960   0.98961
1970   0.988489
1980   0.987368
1990   0.986246

