0   1.18242
10   1.18183
20   1.18075
30   1.17964
40   1.17852
50   1.17739
60   1.17626
70   1.17512
80   1.17398
90   1.17283
100   1.17168
110   1.17052
120   1.16936
130   1.16819
140   1.16701
150   1.16584
160   1.16465
170   1.16346
180   1.16227
190   1.16107
200   1.15987
210   1.15866
220   1.15745
230   1.15623
240   1.15501
250   1.15378
260   1.15255
270   1.15132
280   1.15008
290   1.14883
300   1.14758
310   1.14633
320   1.14507
330   1.14381
340   1.14254
350   1.14127
360   1.14
370   1.13872
380   1.13743
390   1.13615
400   1.13485
410   1.13356
420   1.13226
430   1.13095
440   1.12965
450   1.12833
460   1.12702
470   1.1257
480   1.12437
490   1.12305
500   1.12172
510   1.12038
520   1.11904
530   1.1177
540   1.11635
550   1.115
560   1.11365
570   1.11229
580   1.11093
590   1.10957
600   1.1082
610   1.10683
620   1.10545
630   1.10407
640   1.10269
650   1.1013
660   1.09992
670   1.09852
680   1.09713
690   1.09573
700   1.09433
710   1.09292
720   1.09152
730   1.0901
740   1.08869
750   1.08727
760   1.08585
770   1.08443
780   1.083
790   1.08157
800   1.08014
810   1.0787
820   1.07726
830   1.07582
840   1.07438
850   1.07293
860   1.07148
870   1.07003
880   1.06857
890   1.06711
900   1.06565
910   1.06419
920   1.06272
930   1.06125
940   1.05978
950   1.05831
960   1.05683
970   1.05535
980   1.05387
990   1.05238
1000   1.0509
1010   1.04941
1020   1.04792
1030   1.04642
1040   1.04492
1050   1.04343
1060   1.04192
1070   1.04042
1080   1.03892
1090   1.03741
1100   1.0359
1110   1.03438
1120   1.03287
1130   1.03135
1140   1.02983
1150   1.02831
1160   1.02679
1170   1.02526
1180   1.02374
1190   1.02221
1200   1.02067
1210   1.01914
1220   1.01761
1230   1.01607
1240   1.01453
1250   1.01299
1260   1.01144
1270   1.0099
1280   1.00835
1290   1.0068
1300   1.00525
1310   1.0037
1320   1.00215
1330   1.00059
1340   0.999035
1350   0.997476
1360   0.995916
1370   0.994353
1380   0.992789
1390   0.991224
1400   0.989657
1410   0.988088
1420   0.986518
1430   0.984947
1440   0.983374
1450   0.981799
1460   0.980223
1470   0.978646
1480   0.977067
1490   0.975487
1500   0.973905
1510   0.972322
1520   0.970738
1530   0.969152
1540   0.967566
1550   0.965978
1560   0.964388
1570   0.962798
1580   0.961206
1590   0.959613
1600   0.958019
1610   0.956424
1620   0.954828
1630   0.95323
1640   0.951632
1650   0.950032
1660   0.948432
1670   0.94683
1680   0.945227
1690   0.943624
1700   0.942019
1710   0.940414
1720   0.938808
1730   0.9372
1740   0.935592
1750   0.933983
1760   0.932373
1770   0.930763
1780   0.929151
1790   0.927539
1800   0.925926
1810   0.924312
1820   0.922697
1830   0.921082
1840   0.919466
1850   0.91785
1860   0.916233
1870   0.914615
1880   0.912996
1890   0.911377
1900   0.909758
1910   0.908137
1920   0.906517
1930   0.904896
1940   0.903274
1950   0.901652
1960   0.900029
1970   0.898406
1980   0.896782
1990   0.895158

