0   1.18242
10   1.18168
20   1.18045
30   1.17918
40   1.17789
50   1.1766
60   1.1753
70   1.174
80   1.17268
90   1.17136
100   1.17004
110   1.16871
120   1.16737
130   1.16602
140   1.16467
150   1.16331
160   1.16195
170   1.16058
180   1.1592
190   1.15781
200   1.15642
210   1.15503
220   1.15363
230   1.15222
240   1.1508
250   1.14939
260   1.14796
270   1.14653
280   1.14509
290   1.14365
300   1.1422
310   1.14075
320   1.13929
330   1.13782
340   1.13635
350   1.13487
360   1.13339
370   1.13191
380   1.13041
390   1.12892
400   1.12741
410   1.12591
420   1.12439
430   1.12288
440   1.12135
450   1.11983
460   1.11829
470   1.11676
480   1.11522
490   1.11367
500   1.11212
510   1.11056
520   1.109
530   1.10743
540   1.10586
550   1.10429
560   1.10271
570   1.10113
580   1.09954
590   1.09795
600   1.09635
610   1.09475
620   1.09315
630   1.09154
640   1.08992
650   1.08831
660   1.08669
670   1.08506
680   1.08343
690   1.0818
700   1.08016
710   1.07852
720   1.07687
730   1.07523
740   1.07357
750   1.07192
760   1.07026
770   1.06859
780   1.06693
790   1.06526
800   1.06358
810   1.06191
820   1.06022
830   1.05854
840   1.05685
850   1.05516
860   1.05347
870   1.05177
880   1.05007
890   1.04837
900   1.04666
910   1.04495
920   1.04323
930   1.04152
940   1.0398
950   1.03808
960   1.03635
970   1.03462
980   1.03289
990   1.03116
1000   1.02942
1010   1.02768
1020   1.02594
1030   1.0242
1040   1.02245
1050   1.0207
1060   1.01895
1070   1.01719
1080   1.01543
1090   1.01367
1100   1.01191
1110   1.01014
1120   1.00838
1130   1.00661
1140   1.00483
1150   1.00306
1160   1.00128
1170   0.999504
1180   0.997723
1190   0.995939
1200   0.994154
1210   0.992366
1220   0.990576
1230   0.988785
1240   0.986991
1250   0.985195
1260   0.983397
1270   0.981598
1280   0.979796
1290   0.977993
1300   0.976188
1310   0.974381
1320   0.972572
1330   0.970762
1340   0.96895
1350   0.967136
1360   0.96532
1370   0.963503
1380   0.961685
1390   0.959865
1400   0.958043
1410   0.95622
1420   0.954395
1430   0.952569
1440   0.950742
1450   0.948913
1460   0.947083
1470   0.945251
1480   0.943419
1490   0.941585
1500   0.939749
1510   0.937913
1520   0.936076
1530   0.934237
1540   0.932397
1550   0.930556
1560   0.928714
1570   0.926871
1580   0.925028
1590   0.923183
1600   0.921337
1610   0.91949
1620   0.917643
1630   0.915794
1640   0.913945
1650   0.912095
1660   0.910244
1670   0.908393
1680   0.90654
1690   0.904688
1700   0.902834
1710   0.90098
1720   0.899125
1730   0.89727
1740   0.895414
1750   0.893558
1760   0.891701
1770   0.889843
1780   0.887986
1790   0.886128
1800   0.884269
1810   0.88241
1820   0.880551
1830   0.878692
1840   0.876832
1850   0.874972
1860   0.873112
1870   0.871251
1880   0.869391
1890   0.86753
1900   0.86567
1910   0.863809
1920   0.861948
1930   0.860087
1940   0.858226
1950   0.856365
1960   0.854505
1970   0.852644
1980   0.850783
1990   0.848923

