4.65883e+21      1.97995e+22      3.9687e+17      4.25924e+17      0      1.48476e+18      5.16092e+16      5.16092e+16      4.9e+20      6.5e+23      
4.64718e+21      1.9795e+22      4.36175e+18      4.6733e+18      4.59338e+15      1.67568e+19      1.70585e+17      5.4035e+17      4.9e+20      6.5e+23      
4.63554e+21      1.97905e+22      8.31959e+18      8.9004e+18      1.75182e+16      3.21908e+19      1.74012e+17      9.82643e+17      4.9e+20      6.5e+23      
4.62393e+21      1.9786e+22      1.22704e+19      1.31077e+19      3.87472e+16      4.76704e+19      1.73991e+17      1.38284e+18      4.9e+20      6.5e+23      
4.61234e+21      1.97815e+22      1.62141e+19      1.72954e+19      6.82538e+16      6.31882e+19      1.73868e+17      1.74489e+18      4.9e+20      6.5e+23      
4.60077e+21      1.9777e+22      2.01508e+19      2.14635e+19      1.06011e+17      7.87406e+19      1.73742e+17      2.07236e+18      4.9e+20      6.5e+23      
4.58921e+21      1.97725e+22      2.40805e+19      2.56121e+19      1.51994e+17      9.43243e+19      1.73614e+17      2.36851e+18      4.9e+20      6.5e+23      
4.57768e+21      1.9768e+22      2.80033e+19      2.97413e+19      2.06175e+17      1.09936e+20      1.73486e+17      2.63627e+18      4.9e+20      6.5e+23      
4.56617e+21      1.97635e+22      3.19191e+19      3.38511e+19      2.68529e+17      1.25574e+20      1.73358e+17      2.87832e+18      4.9e+20      6.5e+23      
4.55468e+21      1.9759e+22      3.58279e+19      3.79418e+19      3.3903e+17      1.41235e+20      1.73228e+17      3.09706e+18      4.9e+20      6.5e+23      
4.54321e+21      1.97544e+22      3.97298e+19      4.20133e+19      4.17653e+17      1.56918e+20      1.73099e+17      3.29469e+18      4.9e+20      6.5e+23      
4.53176e+21      1.97499e+22      4.36249e+19      4.60658e+19      5.04372e+17      1.72619e+20      1.72968e+17      3.4732e+18      4.9e+20      6.5e+23      
4.52033e+21      1.97454e+22      4.7513e+19      5.00993e+19      5.99162e+17      1.88338e+20      1.72837e+17      3.63439e+18      4.9e+20      6.5e+23      
4.50892e+21      1.97409e+22      5.13943e+19      5.41139e+19      7.01999e+17      2.04072e+20      1.72705e+17      3.77988e+18      4.9e+20      6.5e+23      
4.49754e+21      1.97363e+22      5.52688e+19      5.81097e+19      8.12858e+17      2.19821e+20      1.72573e+17      3.91117e+18      4.9e+20      6.5e+23      
4.48617e+21      1.97318e+22      5.91365e+19      6.20868e+19      9.31715e+17      2.35582e+20      1.7244e+17      4.02959e+18      4.9e+20      6.5e+23      
4.47482e+21      1.97272e+22      6.29974e+19      6.60452e+19      1.05854e+18      2.51355e+20      1.72307e+17      4.13635e+18      4.9e+20      6.5e+23      
4.46349e+21      1.97227e+22      6.68515e+19      6.99851e+19      1.19332e+18      2.67139e+20      1.72173e+17      4.23255e+18      4.9e+20      6.5e+23      
4.45218e+21      1.97182e+22      7.06988e+19      7.39065e+19      1.33602e+18      2.82932e+20      1.72038e+17      4.3192e+18      4.9e+20      6.5e+23      
4.44089e+21      1.97136e+22      7.45394e+19      7.78095e+19      1.48663e+18      2.98734e+20      1.71903e+17      4.39719e+18      4.9e+20      6.5e+23      
4.42962e+21      1.97091e+22      7.83733e+19      8.16942e+19      1.64511e+18      3.14544e+20      1.71767e+17      4.46734e+18      4.9e+20      6.5e+23      
4.41837e+21      1.97045e+22      8.22005e+19      8.55607e+19      1.81145e+18      3.30361e+20      1.71631e+17      4.5304e+18      4.9e+20      6.5e+23      
4.40714e+21      1.97e+22      8.60211e+19      8.94089e+19      1.98561e+18      3.46184e+20      1.71494e+17      4.58704e+18      4.9e+20      6.5e+23      
4.39593e+21      1.96954e+22      8.98349e+19      9.32391e+19      2.16759e+18      3.62013e+20      1.71356e+17      4.63786e+18      4.9e+20      6.5e+23      
4.38474e+21      1.96909e+22      9.36422e+19      9.70513e+19      2.35734e+18      3.77847e+20      1.71218e+17      4.68342e+18      4.9e+20      6.5e+23      
4.37356e+21      1.96863e+22      9.74428e+19      1.00846e+20      2.55487e+18      3.93686e+20      1.7108e+17      4.72421e+18      4.9e+20      6.5e+23      
4.36241e+21      1.96817e+22      1.01237e+20      1.04622e+20      2.76013e+18      4.0953e+20      1.7094e+17      4.76069e+18      4.9e+20      6.5e+23      
4.35128e+21      1.96772e+22      1.05024e+20      1.08381e+20      2.9731e+18      4.25377e+20      1.70801e+17      4.79326e+18      4.9e+20      6.5e+23      
4.34016e+21      1.96726e+22      1.08805e+20      1.12122e+20      3.19378e+18      4.41228e+20      1.7066e+17      4.82231e+18      4.9e+20      6.5e+23      
4.32907e+21      1.9668e+22      1.12579e+20      1.15845e+20      3.42212e+18      4.57082e+20      1.70519e+17      4.84815e+18      4.9e+20      6.5e+23      
4.31799e+21      1.96635e+22      1.16347e+20      1.19551e+20      3.65812e+18      4.72939e+20      1.70378e+17      4.8711e+18      4.9e+20      6.5e+23      
4.30694e+21      1.96589e+22      1.20108e+20      1.23239e+20      3.90175e+18      4.88798e+20      1.70236e+17      4.89143e+18      4.9e+20      6.5e+23      
4.2959e+21      1.96543e+22      1.23863e+20      1.2691e+20      4.15298e+18      5.0466e+20      1.70094e+17      4.90938e+18      4.9e+20      6.5e+23      
4.28488e+21      1.96497e+22      1.27612e+20      1.30564e+20      4.4118e+18      5.20524e+20      1.69951e+17      4.92519e+18      4.9e+20      6.5e+23      
4.27388e+21      1.96451e+22      1.31353e+20      1.342e+20      4.67819e+18      5.3639e+20      1.69807e+17      4.93906e+18      4.9e+20      6.5e+23      
4.2629e+21      1.96405e+22      1.35089e+20      1.37819e+20      4.95212e+18      5.52258e+20      1.69663e+17      4.95118e+18      4.9e+20      6.5e+23      
4.25194e+21      1.9636e+22      1.38818e+20      1.41421e+20      5.23358e+18      5.68128e+20      1.69518e+17      4.9617e+18      4.9e+20      6.5e+23      
4.241e+21      1.96314e+22      1.4254e+20      1.45006e+20      5.52253e+18      5.83998e+20      1.69373e+17      4.97078e+18      4.9e+20      6.5e+23      
4.23007e+21      1.96268e+22      1.46257e+20      1.48574e+20      5.81897e+18      5.9987e+20      1.69228e+17      4.97856e+18      4.9e+20      6.5e+23      
4.21917e+21      1.96222e+22      1.49966e+20      1.52125e+20      6.12287e+18      6.15744e+20      1.69082e+17      4.98516e+18      4.9e+20      6.5e+23      
4.20828e+21      1.96176e+22      1.5367e+20      1.5566e+20      6.43421e+18      6.31618e+20      1.68935e+17      4.99069e+18      4.9e+20      6.5e+23      
4.19741e+21      1.9613e+22      1.57367e+20      1.59177e+20      6.75298e+18      6.47493e+20      1.68788e+17      4.99526e+18      4.9e+20      6.5e+23      
4.18656e+21      1.96084e+22      1.61058e+20      1.62678e+20      7.07914e+18      6.6337e+20      1.6864e+17      4.99895e+18      4.9e+20      6.5e+23      
4.17573e+21      1.96037e+22      1.64742e+20      1.66162e+20      7.41268e+18      6.79247e+20      1.68492e+17      5.00185e+18      4.9e+20      6.5e+23      
4.16492e+21      1.95991e+22      1.68421e+20      1.6963e+20      7.75359e+18      6.95124e+20      1.68343e+17      5.00404e+18      4.9e+20      6.5e+23      
4.15413e+21      1.95945e+22      1.72093e+20      1.73081e+20      8.10184e+18      7.11003e+20      1.68194e+17      5.00557e+18      4.9e+20      6.5e+23      
4.14335e+21      1.95899e+22      1.75758e+20      1.76516e+20      8.45741e+18      7.26882e+20      1.68045e+17      5.00652e+18      4.9e+20      6.5e+23      
4.1326e+21      1.95853e+22      1.79418e+20      1.79935e+20      8.82028e+18      7.42761e+20      1.67894e+17      5.00693e+18      4.9e+20      6.5e+23      
4.12186e+21      1.95806e+22      1.83071e+20      1.83337e+20      9.19044e+18      7.58641e+20      1.67744e+17      5.00687e+18      4.9e+20      6.5e+23      
4.11114e+21      1.9576e+22      1.86718e+20      1.86723e+20      9.56787e+18      7.74521e+20      1.67593e+17      5.00636e+18      4.9e+20      6.5e+23      
4.10043e+21      1.95714e+22      1.90359e+20      1.90093e+20      9.95254e+18      7.90402e+20      1.67441e+17      5.00546e+18      4.9e+20      6.5e+23      
4.08975e+21      1.95667e+22      1.93993e+20      1.93447e+20      1.03444e+19      8.06283e+20      1.67289e+17      5.0042e+18      4.9e+20      6.5e+23      
4.07908e+21      1.95621e+22      1.97622e+20      1.96785e+20      1.07435e+19      8.22165e+20      1.67137e+17      5.00261e+18      4.9e+20      6.5e+23      
4.06844e+21      1.95575e+22      2.01244e+20      2.00107e+20      1.11498e+19      8.38047e+20      1.66984e+17      5.00073e+18      4.9e+20      6.5e+23      
4.05781e+21      1.95528e+22      2.0486e+20      2.03413e+20      1.15633e+19      8.53929e+20      1.6683e+17      4.99858e+18      4.9e+20      6.5e+23      
4.04719e+21      1.95482e+22      2.0847e+20      2.06703e+20      1.19839e+19      8.69811e+20      1.66676e+17      4.99619e+18      4.9e+20      6.5e+23      
4.0366e+21      1.95435e+22      2.12074e+20      2.09977e+20      1.24117e+19      8.85694e+20      1.66522e+17      4.99357e+18      4.9e+20      6.5e+23      
4.02602e+21      1.95389e+22      2.15672e+20      2.13236e+20      1.28466e+19      9.01576e+20      1.66367e+17      4.99076e+18      4.9e+20      6.5e+23      
4.01547e+21      1.95342e+22      2.19264e+20      2.16479e+20      1.32886e+19      9.17459e+20      1.66212e+17      4.98776e+18      4.9e+20      6.5e+23      
4.00493e+21      1.95295e+22      2.22849e+20      2.19707e+20      1.37376e+19      9.33342e+20      1.66056e+17      4.98459e+18      4.9e+20      6.5e+23      
3.9944e+21      1.95249e+22      2.26429e+20      2.22919e+20      1.41938e+19      9.49225e+20      1.659e+17      4.98128e+18      4.9e+20      6.5e+23      
3.9839e+21      1.95202e+22      2.30003e+20      2.26116e+20      1.46569e+19      9.65109e+20      1.65743e+17      4.97782e+18      4.9e+20      6.5e+23      
3.97341e+21      1.95155e+22      2.3357e+20      2.29297e+20      1.51271e+19      9.80992e+20      1.65586e+17      4.97424e+18      4.9e+20      6.5e+23      
3.96294e+21      1.95109e+22      2.37132e+20      2.32463e+20      1.56044e+19      9.96876e+20      1.65428e+17      4.97055e+18      4.9e+20      6.5e+23      
3.95249e+21      1.95062e+22      2.40687e+20      2.35614e+20      1.60886e+19      1.01276e+21      1.6527e+17      4.96675e+18      4.9e+20      6.5e+23      
3.94206e+21      1.95015e+22      2.44237e+20      2.38749e+20      1.65798e+19      1.02864e+21      1.65112e+17      4.96286e+18      4.9e+20      6.5e+23      
3.93164e+21      1.94968e+22      2.47781e+20      2.4187e+20      1.7078e+19      1.04453e+21      1.64953e+17      4.95887e+18      4.9e+20      6.5e+23      
3.92124e+21      1.94921e+22      2.51318e+20      2.44975e+20      1.75831e+19      1.06041e+21      1.64794e+17      4.95481e+18      4.9e+20      6.5e+23      
3.91086e+21      1.94874e+22      2.5485e+20      2.48066e+20      1.80951e+19      1.0763e+21      1.64634e+17      4.95068e+18      4.9e+20      6.5e+23      
3.90049e+21      1.94827e+22      2.58376e+20      2.51141e+20      1.86141e+19      1.09218e+21      1.64474e+17      4.94647e+18      4.9e+20      6.5e+23      
3.89015e+21      1.9478e+22      2.61896e+20      2.54202e+20      1.91399e+19      1.10806e+21      1.64313e+17      4.9422e+18      4.9e+20      6.5e+23      
3.87982e+21      1.94733e+22      2.6541e+20      2.57248e+20      1.96727e+19      1.12395e+21      1.64152e+17      4.93788e+18      4.9e+20      6.5e+23      
3.86951e+21      1.94686e+22      2.68918e+20      2.60279e+20      2.02123e+19      1.13983e+21      1.63991e+17      4.9335e+18      4.9e+20      6.5e+23      
3.85921e+21      1.94639e+22      2.7242e+20      2.63295e+20      2.07587e+19      1.15572e+21      1.63829e+17      4.92908e+18      4.9e+20      6.5e+23      
3.84893e+21      1.94592e+22      2.75917e+20      2.66297e+20      2.1312e+19      1.1716e+21      1.63667e+17      4.92461e+18      4.9e+20      6.5e+23      
3.83867e+21      1.94545e+22      2.79407e+20      2.69284e+20      2.18721e+19      1.18749e+21      1.63504e+17      4.92009e+18      4.9e+20      6.5e+23      
3.82843e+21      1.94498e+22      2.82892e+20      2.72257e+20      2.2439e+19      1.20337e+21      1.63341e+17      4.91554e+18      4.9e+20      6.5e+23      
3.8182e+21      1.9445e+22      2.86371e+20      2.75215e+20      2.30127e+19      1.21925e+21      1.63178e+17      4.91095e+18      4.9e+20      6.5e+23      
3.80799e+21      1.94403e+22      2.89844e+20      2.78158e+20      2.35932e+19      1.23514e+21      1.63014e+17      4.90632e+18      4.9e+20      6.5e+23      
3.7978e+21      1.94356e+22      2.93311e+20      2.81088e+20      2.41804e+19      1.25102e+21      1.6285e+17      4.90167e+18      4.9e+20      6.5e+23      
3.78763e+21      1.94308e+22      2.96773e+20      2.84003e+20      2.47744e+19      1.26691e+21      1.62685e+17      4.89698e+18      4.9e+20      6.5e+23      
3.77747e+21      1.94261e+22      3.00228e+20      2.86904e+20      2.53751e+19      1.28279e+21      1.6252e+17      4.89227e+18      4.9e+20      6.5e+23      
3.76733e+21      1.94214e+22      3.03678e+20      2.8979e+20      2.59825e+19      1.29868e+21      1.62355e+17      4.88753e+18      4.9e+20      6.5e+23      
3.7572e+21      1.94166e+22      3.07122e+20      2.92663e+20      2.65966e+19      1.31456e+21      1.62189e+17      4.88276e+18      4.9e+20      6.5e+23      
3.74709e+21      1.94119e+22      3.10561e+20      2.95521e+20      2.72174e+19      1.33045e+21      1.62023e+17      4.87797e+18      4.9e+20      6.5e+23      
3.737e+21      1.94071e+22      3.13994e+20      2.98365e+20      2.78448e+19      1.34633e+21      1.61856e+17      4.87316e+18      4.9e+20      6.5e+23      
3.72693e+21      1.94024e+22      3.17421e+20      3.01196e+20      2.84789e+19      1.36222e+21      1.6169e+17      4.86833e+18      4.9e+20      6.5e+23      
3.71687e+21      1.93976e+22      3.20842e+20      3.04012e+20      2.91197e+19      1.3781e+21      1.61522e+17      4.86347e+18      4.9e+20      6.5e+23      
3.70683e+21      1.93928e+22      3.24258e+20      3.06815e+20      2.97671e+19      1.39399e+21      1.61355e+17      4.8586e+18      4.9e+20      6.5e+23      
3.69681e+21      1.93881e+22      3.27668e+20      3.09604e+20      3.0421e+19      1.40987e+21      1.61187e+17      4.85371e+18      4.9e+20      6.5e+23      
3.6868e+21      1.93833e+22      3.31072e+20      3.12379e+20      3.10816e+19      1.42576e+21      1.61018e+17      4.8488e+18      4.9e+20      6.5e+23      
3.67681e+21      1.93785e+22      3.3447e+20      3.1514e+20      3.17488e+19      1.44164e+21      1.60849e+17      4.84387e+18      4.9e+20      6.5e+23      
3.66684e+21      1.93737e+22      3.37863e+20      3.17888e+20      3.24225e+19      1.45752e+21      1.6068e+17      4.83892e+18      4.9e+20      6.5e+23      
3.65688e+21      1.93689e+22      3.41251e+20      3.20622e+20      3.31028e+19      1.47341e+21      1.60511e+17      4.83396e+18      4.9e+20      6.5e+23      
3.64694e+21      1.93642e+22      3.44632e+20      3.23343e+20      3.37897e+19      1.48929e+21      1.60341e+17      4.82899e+18      4.9e+20      6.5e+23      
3.63702e+21      1.93594e+22      3.48009e+20      3.2605e+20      3.4483e+19      1.50518e+21      1.60171e+17      4.82399e+18      4.9e+20      6.5e+23      
3.62711e+21      1.93546e+22      3.51379e+20      3.28744e+20      3.51829e+19      1.52106e+21      1.6e+17      4.81899e+18      4.9e+20      6.5e+23      
3.61722e+21      1.93498e+22      3.54744e+20      3.31424e+20      3.58893e+19      1.53695e+21      1.59829e+17      4.81397e+18      4.9e+20      6.5e+23      
3.60734e+21      1.9345e+22      3.58103e+20      3.34091e+20      3.66022e+19      1.55283e+21      1.59658e+17      4.80893e+18      4.9e+20      6.5e+23      
3.59748e+21      1.93402e+22      3.61457e+20      3.36745e+20      3.73215e+19      1.56872e+21      1.59486e+17      4.80389e+18      4.9e+20      6.5e+23      
3.58764e+21      1.93353e+22      3.64805e+20      3.39385e+20      3.80474e+19      1.5846e+21      1.59315e+17      4.79882e+18      4.9e+20      6.5e+23      
3.57782e+21      1.93305e+22      3.68148e+20      3.42013e+20      3.87796e+19      1.60049e+21      1.59142e+17      4.79375e+18      4.9e+20      6.5e+23      
3.56801e+21      1.93257e+22      3.71485e+20      3.44627e+20      3.95183e+19      1.61637e+21      1.5897e+17      4.78866e+18      4.9e+20      6.5e+23      
3.55821e+21      1.93209e+22      3.74816e+20      3.47228e+20      4.02635e+19      1.63226e+21      1.58797e+17      4.78356e+18      4.9e+20      6.5e+23      
3.54844e+21      1.93161e+22      3.78142e+20      3.49816e+20      4.1015e+19      1.64814e+21      1.58623e+17      4.77845e+18      4.9e+20      6.5e+23      
3.53867e+21      1.93112e+22      3.81463e+20      3.52391e+20      4.17729e+19      1.66403e+21      1.5845e+17      4.77333e+18      4.9e+20      6.5e+23      
3.52893e+21      1.93064e+22      3.84778e+20      3.54953e+20      4.25373e+19      1.67991e+21      1.58276e+17      4.76819e+18      4.9e+20      6.5e+23      
3.5192e+21      1.93015e+22      3.88088e+20      3.57503e+20      4.3308e+19      1.6958e+21      1.58102e+17      4.76305e+18      4.9e+20      6.5e+23      
3.50949e+21      1.92967e+22      3.91392e+20      3.60039e+20      4.4085e+19      1.71168e+21      1.57927e+17      4.75789e+18      4.9e+20      6.5e+23      
3.49979e+21      1.92918e+22      3.9469e+20      3.62563e+20      4.48685e+19      1.72757e+21      1.57752e+17      4.75272e+18      4.9e+20      6.5e+23      
3.49011e+21      1.9287e+22      3.97983e+20      3.65074e+20      4.56582e+19      1.74345e+21      1.57577e+17      4.74754e+18      4.9e+20      6.5e+23      
3.48045e+21      1.92821e+22      4.01271e+20      3.67572e+20      4.64543e+19      1.75934e+21      1.57401e+17      4.74234e+18      4.9e+20      6.5e+23      
3.4708e+21      1.92773e+22      4.04553e+20      3.70058e+20      4.72567e+19      1.77522e+21      1.57226e+17      4.73714e+18      4.9e+20      6.5e+23      
3.46117e+21      1.92724e+22      4.0783e+20      3.72531e+20      4.80654e+19      1.79111e+21      1.57049e+17      4.73193e+18      4.9e+20      6.5e+23      
3.45155e+21      1.92675e+22      4.11101e+20      3.74991e+20      4.88804e+19      1.807e+21      1.56873e+17      4.7267e+18      4.9e+20      6.5e+23      
3.44195e+21      1.92627e+22      4.14367e+20      3.7744e+20      4.97017e+19      1.82288e+21      1.56696e+17      4.72147e+18      4.9e+20      6.5e+23      
3.43237e+21      1.92578e+22      4.17628e+20      3.79875e+20      5.05292e+19      1.83877e+21      1.56519e+17      4.71622e+18      4.9e+20      6.5e+23      
3.4228e+21      1.92529e+22      4.20883e+20      3.82298e+20      5.1363e+19      1.85465e+21      1.56342e+17      4.71097e+18      4.9e+20      6.5e+23      
3.41324e+21      1.9248e+22      4.24133e+20      3.84709e+20      5.22031e+19      1.87054e+21      1.56164e+17      4.7057e+18      4.9e+20      6.5e+23      
3.40371e+21      1.92431e+22      4.27377e+20      3.87108e+20      5.30494e+19      1.88642e+21      1.55986e+17      4.70043e+18      4.9e+20      6.5e+23      
3.39419e+21      1.92382e+22      4.30616e+20      3.89494e+20      5.39019e+19      1.90231e+21      1.55808e+17      4.69514e+18      4.9e+20      6.5e+23      
3.38468e+21      1.92333e+22      4.3385e+20      3.91868e+20      5.47606e+19      1.91819e+21      1.55629e+17      4.68984e+18      4.9e+20      6.5e+23      
3.37519e+21      1.92284e+22      4.37078e+20      3.9423e+20      5.56255e+19      1.93408e+21      1.5545e+17      4.68454e+18      4.9e+20      6.5e+23      
3.36572e+21      1.92235e+22      4.40301e+20      3.9658e+20      5.64967e+19      1.94996e+21      1.55271e+17      4.67922e+18      4.9e+20      6.5e+23      
3.35626e+21      1.92186e+22      4.43519e+20      3.98918e+20      5.7374e+19      1.96585e+21      1.55092e+17      4.6739e+18      4.9e+20      6.5e+23      
3.34682e+21      1.92137e+22      4.46731e+20      4.01243e+20      5.82574e+19      1.98173e+21      1.54912e+17      4.66857e+18      4.9e+20      6.5e+23      
3.33739e+21      1.92088e+22      4.49938e+20      4.03557e+20      5.91471e+19      1.99762e+21      1.54732e+17      4.66322e+18      4.9e+20      6.5e+23      
3.32798e+21      1.92038e+22      4.5314e+20      4.05859e+20      6.00428e+19      2.0135e+21      1.54552e+17      4.65787e+18      4.9e+20      6.5e+23      
3.31858e+21      1.91989e+22      4.56336e+20      4.08149e+20      6.09447e+19      2.02939e+21      1.54371e+17      4.65251e+18      4.9e+20      6.5e+23      
3.3092e+21      1.9194e+22      4.59527e+20      4.10427e+20      6.18528e+19      2.04527e+21      1.54191e+17      4.64714e+18      4.9e+20      6.5e+23      
3.29984e+21      1.9189e+22      4.62713e+20      4.12693e+20      6.27669e+19      2.06116e+21      1.54009e+17      4.64176e+18      4.9e+20      6.5e+23      
3.29049e+21      1.91841e+22      4.65893e+20      4.14947e+20      6.36872e+19      2.07704e+21      1.53828e+17      4.63637e+18      4.9e+20      6.5e+23      
3.28115e+21      1.91791e+22      4.69069e+20      4.1719e+20      6.46136e+19      2.09293e+21      1.53647e+17      4.63097e+18      4.9e+20      6.5e+23      
3.27183e+21      1.91742e+22      4.72239e+20      4.19421e+20      6.5546e+19      2.10881e+21      1.53465e+17      4.62556e+18      4.9e+20      6.5e+23      
3.26253e+21      1.91692e+22      4.75403e+20      4.21641e+20      6.64846e+19      2.1247e+21      1.53282e+17      4.62015e+18      4.9e+20      6.5e+23      
3.25324e+21      1.91642e+22      4.78563e+20      4.23849e+20      6.74291e+19      2.14059e+21      1.531e+17      4.61473e+18      4.9e+20      6.5e+23      
3.24397e+21      1.91593e+22      4.81717e+20      4.26045e+20      6.83798e+19      2.15647e+21      1.52917e+17      4.60929e+18      4.9e+20      6.5e+23      
3.23472e+21      1.91543e+22      4.84866e+20      4.2823e+20      6.93365e+19      2.17236e+21      1.52735e+17      4.60385e+18      4.9e+20      6.5e+23      
3.22547e+21      1.91493e+22      4.8801e+20      4.30403e+20      7.02992e+19      2.18824e+21      1.52551e+17      4.5984e+18      4.9e+20      6.5e+23      
3.21625e+21      1.91443e+22      4.91149e+20      4.32565e+20      7.1268e+19      2.20413e+21      1.52368e+17      4.59294e+18      4.9e+20      6.5e+23      
3.20704e+21      1.91393e+22      4.94282e+20      4.34716e+20      7.22428e+19      2.22001e+21      1.52184e+17      4.58748e+18      4.9e+20      6.5e+23      
3.19784e+21      1.91344e+22      4.9741e+20      4.36855e+20      7.32236e+19      2.2359e+21      1.52e+17      4.582e+18      4.9e+20      6.5e+23      
3.18866e+21      1.91294e+22      5.00533e+20      4.38983e+20      7.42104e+19      2.25178e+21      1.51816e+17      4.57652e+18      4.9e+20      6.5e+23      
3.1795e+21      1.91244e+22      5.03651e+20      4.411e+20      7.52032e+19      2.26767e+21      1.51632e+17      4.57103e+18      4.9e+20      6.5e+23      
3.17035e+21      1.91193e+22      5.06764e+20      4.43205e+20      7.62019e+19      2.28355e+21      1.51447e+17      4.56553e+18      4.9e+20      6.5e+23      
3.16121e+21      1.91143e+22      5.09871e+20      4.45299e+20      7.72067e+19      2.29944e+21      1.51262e+17      4.56003e+18      4.9e+20      6.5e+23      
3.15209e+21      1.91093e+22      5.12973e+20      4.47383e+20      7.82174e+19      2.31532e+21      1.51077e+17      4.55451e+18      4.9e+20      6.5e+23      
3.14299e+21      1.91043e+22      5.1607e+20      4.49455e+20      7.9234e+19      2.33121e+21      1.50892e+17      4.54899e+18      4.9e+20      6.5e+23      
3.1339e+21      1.90993e+22      5.19162e+20      4.51516e+20      8.02566e+19      2.3471e+21      1.50706e+17      4.54346e+18      4.9e+20      6.5e+23      
3.12483e+21      1.90942e+22      5.22249e+20      4.53566e+20      8.12852e+19      2.36298e+21      1.5052e+17      4.53792e+18      4.9e+20      6.5e+23      
3.11577e+21      1.90892e+22      5.25331e+20      4.55605e+20      8.23197e+19      2.37887e+21      1.50334e+17      4.53238e+18      4.9e+20      6.5e+23      
3.10672e+21      1.90842e+22      5.28408e+20      4.57633e+20      8.33601e+19      2.39475e+21      1.50148e+17      4.52682e+18      4.9e+20      6.5e+23      
3.09769e+21      1.90791e+22      5.31479e+20      4.59651e+20      8.44064e+19      2.41064e+21      1.49962e+17      4.52126e+18      4.9e+20      6.5e+23      
3.08868e+21      1.90741e+22      5.34545e+20      4.61657e+20      8.54586e+19      2.42652e+21      1.49775e+17      4.5157e+18      4.9e+20      6.5e+23      
3.07968e+21      1.9069e+22      5.37607e+20      4.63653e+20      8.65167e+19      2.44241e+21      1.49588e+17      4.51012e+18      4.9e+20      6.5e+23      
3.0707e+21      1.90639e+22      5.40663e+20      4.65638e+20      8.75806e+19      2.45829e+21      1.49401e+17      4.50454e+18      4.9e+20      6.5e+23      
3.06173e+21      1.90589e+22      5.43714e+20      4.67612e+20      8.86505e+19      2.47418e+21      1.49213e+17      4.49895e+18      4.9e+20      6.5e+23      
3.05278e+21      1.90538e+22      5.4676e+20      4.69575e+20      8.97262e+19      2.49007e+21      1.49026e+17      4.49335e+18      4.9e+20      6.5e+23      
3.04384e+21      1.90487e+22      5.49801e+20      4.71528e+20      9.08078e+19      2.50595e+21      1.48838e+17      4.48775e+18      4.9e+20      6.5e+23      
3.03491e+21      1.90437e+22      5.52836e+20      4.73471e+20      9.18953e+19      2.52184e+21      1.4865e+17      4.48214e+18      4.9e+20      6.5e+23      
3.026e+21      1.90386e+22      5.55867e+20      4.75402e+20      9.29885e+19      2.53772e+21      1.48462e+17      4.47652e+18      4.9e+20      6.5e+23      
3.01711e+21      1.90335e+22      5.58893e+20      4.77323e+20      9.40877e+19      2.55361e+21      1.48274e+17      4.4709e+18      4.9e+20      6.5e+23      
3.00823e+21      1.90284e+22      5.61913e+20      4.79234e+20      9.51926e+19      2.56949e+21      1.48085e+17      4.46527e+18      4.9e+20      6.5e+23      
2.99937e+21      1.90233e+22      5.64929e+20      4.81134e+20      9.63034e+19      2.58538e+21      1.47896e+17      4.45963e+18      4.9e+20      6.5e+23      
2.99052e+21      1.90182e+22      5.6794e+20      4.83024e+20      9.742e+19      2.60126e+21      1.47707e+17      4.45398e+18      4.9e+20      6.5e+23      
2.98168e+21      1.90131e+22      5.70945e+20      4.84904e+20      9.85424e+19      2.61715e+21      1.47518e+17      4.44833e+18      4.9e+20      6.5e+23      
2.97286e+21      1.90079e+22      5.73945e+20      4.86773e+20      9.96705e+19      2.63304e+21      1.47329e+17      4.44267e+18      4.9e+20      6.5e+23      
2.96406e+21      1.90028e+22      5.76941e+20      4.88632e+20      1.00805e+20      2.64892e+21      1.47139e+17      4.43701e+18      4.9e+20      6.5e+23      
2.95527e+21      1.89977e+22      5.79931e+20      4.9048e+20      1.01944e+20      2.66481e+21      1.46949e+17      4.43134e+18      4.9e+20      6.5e+23      
2.94649e+21      1.89926e+22      5.82917e+20      4.92319e+20      1.0309e+20      2.68069e+21      1.46759e+17      4.42566e+18      4.9e+20      6.5e+23      
2.93773e+21      1.89874e+22      5.85897e+20      4.94147e+20      1.04241e+20      2.69658e+21      1.46569e+17      4.41998e+18      4.9e+20      6.5e+23      
2.92898e+21      1.89823e+22      5.88872e+20      4.95965e+20      1.05398e+20      2.71246e+21      1.46379e+17      4.41429e+18      4.9e+20      6.5e+23      
2.92025e+21      1.89771e+22      5.91843e+20      4.97773e+20      1.06561e+20      2.72835e+21      1.46188e+17      4.4086e+18      4.9e+20      6.5e+23      
2.91154e+21      1.8972e+22      5.94808e+20      4.9957e+20      1.0773e+20      2.74423e+21      1.45997e+17      4.40289e+18      4.9e+20      6.5e+23      
2.90283e+21      1.89668e+22      5.97768e+20      5.01358e+20      1.08904e+20      2.76012e+21      1.45807e+17      4.39719e+18      4.9e+20      6.5e+23      
2.89415e+21      1.89616e+22      6.00724e+20      5.03136e+20      1.10084e+20      2.77601e+21      1.45616e+17      4.39147e+18      4.9e+20      6.5e+23      
2.88547e+21      1.89565e+22      6.03674e+20      5.04904e+20      1.1127e+20      2.79189e+21      1.45424e+17      4.38575e+18      4.9e+20      6.5e+23      
2.87681e+21      1.89513e+22      6.0662e+20      5.06662e+20      1.12461e+20      2.80778e+21      1.45233e+17      4.38003e+18      4.9e+20      6.5e+23      
2.86817e+21      1.89461e+22      6.0956e+20      5.0841e+20      1.13658e+20      2.82366e+21      1.45041e+17      4.3743e+18      4.9e+20      6.5e+23      
2.85954e+21      1.89409e+22      6.12496e+20      5.10148e+20      1.14861e+20      2.83955e+21      1.4485e+17      4.36856e+18      4.9e+20      6.5e+23      
2.85093e+21      1.89357e+22      6.15426e+20      5.11876e+20      1.1607e+20      2.85543e+21      1.44658e+17      4.36282e+18      4.9e+20      6.5e+23      
2.84233e+21      1.89305e+22      6.18352e+20      5.13595e+20      1.17284e+20      2.87132e+21      1.44466e+17      4.35707e+18      4.9e+20      6.5e+23      
2.83374e+21      1.89253e+22      6.21273e+20      5.15303e+20      1.18504e+20      2.88721e+21      1.44273e+17      4.35132e+18      4.9e+20      6.5e+23      
2.82517e+21      1.89201e+22      6.24188e+20      5.17003e+20      1.1973e+20      2.90309e+21      1.44081e+17      4.34556e+18      4.9e+20      6.5e+23      
2.81661e+21      1.89149e+22      6.27099e+20      5.18692e+20      1.20961e+20      2.91898e+21      1.43888e+17      4.33979e+18      4.9e+20      6.5e+23      
2.80807e+21      1.89097e+22      6.30005e+20      5.20372e+20      1.22198e+20      2.93486e+21      1.43696e+17      4.33402e+18      4.9e+20      6.5e+23      
2.79955e+21      1.89045e+22      6.32906e+20      5.22042e+20      1.23441e+20      2.95075e+21      1.43503e+17      4.32825e+18      4.9e+20      6.5e+23      
2.79103e+21      1.88992e+22      6.35802e+20      5.23702e+20      1.24689e+20      2.96663e+21      1.4331e+17      4.32247e+18      4.9e+20      6.5e+23      
2.78253e+21      1.8894e+22      6.38693e+20      5.25353e+20      1.25943e+20      2.98252e+21      1.43117e+17      4.31668e+18      4.9e+20      6.5e+23      
2.77405e+21      1.88887e+22      6.41579e+20      5.26995e+20      1.27202e+20      2.99841e+21      1.42923e+17      4.31089e+18      4.9e+20      6.5e+23      
2.76558e+21      1.88835e+22      6.4446e+20      5.28627e+20      1.28468e+20      3.01429e+21      1.4273e+17      4.3051e+18      4.9e+20      6.5e+23      
2.75712e+21      1.88782e+22      6.47337e+20      5.30249e+20      1.29738e+20      3.03018e+21      1.42536e+17      4.2993e+18      4.9e+20      6.5e+23      
2.74868e+21      1.8873e+22      6.50208e+20      5.31863e+20      1.31015e+20      3.04606e+21      1.42343e+17      4.29349e+18      4.9e+20      6.5e+23      
2.74026e+21      1.88677e+22      6.53075e+20      5.33466e+20      1.32297e+20      3.06195e+21      1.42149e+17      4.28768e+18      4.9e+20      6.5e+23      
2.73184e+21      1.88624e+22      6.55937e+20      5.35061e+20      1.33585e+20      3.07783e+21      1.41955e+17      4.28187e+18      4.9e+20      6.5e+23      
2.72345e+21      1.88572e+22      6.58793e+20      5.36646e+20      1.34878e+20      3.09372e+21      1.4176e+17      4.27605e+18      4.9e+20      6.5e+23      
2.71506e+21      1.88519e+22      6.61645e+20      5.38222e+20      1.36177e+20      3.10961e+21      1.41566e+17      4.27022e+18      4.9e+20      6.5e+23      
2.70669e+21      1.88466e+22      6.64492e+20      5.39789e+20      1.37481e+20      3.12549e+21      1.41372e+17      4.26439e+18      4.9e+20      6.5e+23      
2.69834e+21      1.88413e+22      6.67335e+20      5.41346e+20      1.38791e+20      3.14138e+21      1.41177e+17      4.25856e+18      4.9e+20      6.5e+23      
2.69e+21      1.8836e+22      6.70172e+20      5.42894e+20      1.40107e+20      3.15726e+21      1.40982e+17      4.25272e+18      4.9e+20      6.5e+23      

