4.65806e+21      1.97992e+22      6.6145e+17      7.09873e+17      0      2.47459e+18      8.60153e+16      8.60153e+16      4.9e+20      6.5e+23      
4.63864e+21      1.97917e+22      7.26526e+18      7.77669e+18      1.27517e+16      2.80672e+19      1.74059e+17      8.71642e+17      4.9e+20      6.5e+23      
4.61929e+21      1.97842e+22      1.38495e+19      1.47878e+19      4.85976e+16      5.38688e+19      1.73944e+17      1.53633e+18      4.9e+20      6.5e+23      
4.59999e+21      1.97767e+22      2.04142e+19      2.17444e+19      1.07413e+17      7.97732e+19      1.73733e+17      2.09842e+18      4.9e+20      6.5e+23      
4.58075e+21      1.97692e+22      2.69594e+19      2.86468e+19      1.89076e+17      1.05765e+20      1.73521e+17      2.57351e+18      4.9e+20      6.5e+23      
4.56157e+21      1.97617e+22      3.34853e+19      3.54955e+19      2.93467e+17      1.3183e+20      1.73306e+17      2.97482e+18      4.9e+20      6.5e+23      
4.54244e+21      1.97541e+22      3.9992e+19      4.22909e+19      4.20466e+17      1.57957e+20      1.7309e+17      3.31359e+18      4.9e+20      6.5e+23      
4.52337e+21      1.97466e+22      4.64795e+19      4.90333e+19      5.69956e+17      1.84138e+20      1.72872e+17      3.59933e+18      4.9e+20      6.5e+23      
4.50436e+21      1.9739e+22      5.29479e+19      5.57232e+19      7.41821e+17      2.10364e+20      1.72653e+17      3.84014e+18      4.9e+20      6.5e+23      
4.4854e+21      1.97315e+22      5.93974e+19      6.2361e+19      9.35948e+17      2.36627e+20      1.72432e+17      4.04287e+18      4.9e+20      6.5e+23      
4.4665e+21      1.97239e+22      6.58281e+19      6.89469e+19      1.15222e+18      2.62923e+20      1.72209e+17      4.21333e+18      4.9e+20      6.5e+23      
4.44765e+21      1.97164e+22      7.22399e+19      7.54815e+19      1.39053e+18      2.89247e+20      1.71984e+17      4.35646e+18      4.9e+20      6.5e+23      
4.42886e+21      1.97088e+22      7.86331e+19      8.1965e+19      1.65077e+18      3.15593e+20      1.71758e+17      4.47644e+18      4.9e+20      6.5e+23      
4.41012e+21      1.97012e+22      8.50076e+19      8.83978e+19      1.93282e+18      3.41959e+20      1.71531e+17      4.57682e+18      4.9e+20      6.5e+23      
4.39143e+21      1.96936e+22      9.13637e+19      9.47803e+19      2.23659e+18      3.68342e+20      1.71302e+17      4.66059e+18      4.9e+20      6.5e+23      
4.3728e+21      1.9686e+22      9.77013e+19      1.01113e+20      2.56196e+18      3.94739e+20      1.71071e+17      4.73031e+18      4.9e+20      6.5e+23      
4.35423e+21      1.96784e+22      1.04021e+20      1.07396e+20      2.90883e+18      4.21147e+20      1.70838e+17      4.78812e+18      4.9e+20      6.5e+23      
4.33571e+21      1.96708e+22      1.10322e+20      1.1363e+20      3.2771e+18      4.47566e+20      1.70605e+17      4.83587e+18      4.9e+20      6.5e+23      
4.31724e+21      1.96632e+22      1.16605e+20      1.19815e+20      3.66666e+18      4.73993e+20      1.70369e+17      4.87509e+18      4.9e+20      6.5e+23      
4.29882e+21      1.96555e+22      1.22869e+20      1.25951e+20      4.07741e+18      5.00428e+20      1.70132e+17      4.9071e+18      4.9e+20      6.5e+23      
4.28046e+21      1.96479e+22      1.29116e+20      1.32039e+20      4.50926e+18      5.26869e+20      1.69894e+17      4.933e+18      4.9e+20      6.5e+23      
4.26215e+21      1.96402e+22      1.35345e+20      1.38079e+20      4.9621e+18      5.53314e+20      1.69654e+17      4.95373e+18      4.9e+20      6.5e+23      
4.24389e+21      1.96326e+22      1.41556e+20      1.44072e+20      5.43584e+18      5.79764e+20      1.69413e+17      4.97009e+18      4.9e+20      6.5e+23      
4.22569e+21      1.96249e+22      1.47749e+20      1.50018e+20      5.93039e+18      6.06218e+20      1.6917e+17      4.98275e+18      4.9e+20      6.5e+23      
4.20753e+21      1.96173e+22      1.53925e+20      1.55917e+20      6.44564e+18      6.32675e+20      1.68926e+17      4.99227e+18      4.9e+20      6.5e+23      
4.18943e+21      1.96096e+22      1.60083e+20      1.61769e+20      6.98151e+18      6.59135e+20      1.6868e+17      4.99914e+18      4.9e+20      6.5e+23      
4.17138e+21      1.96019e+22      1.66223e+20      1.67575e+20      7.5379e+18      6.85597e+20      1.68433e+17      5.00377e+18      4.9e+20      6.5e+23      
4.15338e+21      1.95942e+22      1.72346e+20      1.73335e+20      8.11472e+18      7.1206e+20      1.68185e+17      5.0065e+18      4.9e+20      6.5e+23      
4.13543e+21      1.95865e+22      1.78452e+20      1.79049e+20      8.71189e+18      7.38526e+20      1.67935e+17      5.00761e+18      4.9e+20      6.5e+23      
4.11754e+21      1.95788e+22      1.8454e+20      1.84719e+20      9.3293e+18      7.64993e+20      1.67684e+17      5.00736e+18      4.9e+20      6.5e+23      
4.09969e+21      1.95711e+22      1.90611e+20      1.90343e+20      9.96688e+18      7.9146e+20      1.67432e+17      5.00596e+18      4.9e+20      6.5e+23      
4.0819e+21      1.95633e+22      1.96665e+20      1.95923e+20      1.06245e+19      8.17929e+20      1.67178e+17      5.00357e+18      4.9e+20      6.5e+23      
4.06415e+21      1.95556e+22      2.02702e+20      2.01458e+20      1.13022e+19      8.44399e+20      1.66923e+17      5.00034e+18      4.9e+20      6.5e+23      
4.04646e+21      1.95479e+22      2.08721e+20      2.06949e+20      1.19997e+19      8.70869e+20      1.66667e+17      4.9964e+18      4.9e+20      6.5e+23      
4.02881e+21      1.95401e+22      2.14724e+20      2.12397e+20      1.27171e+19      8.9734e+20      1.66409e+17      4.99186e+18      4.9e+20      6.5e+23      
4.01122e+21      1.95323e+22      2.2071e+20      2.17801e+20      1.34543e+19      9.23812e+20      1.6615e+17      4.98681e+18      4.9e+20      6.5e+23      
3.99367e+21      1.95246e+22      2.26679e+20      2.23162e+20      1.4211e+19      9.50284e+20      1.6589e+17      4.98131e+18      4.9e+20      6.5e+23      
3.97617e+21      1.95168e+22      2.32631e+20      2.2848e+20      1.49874e+19      9.76756e+20      1.65629e+17      4.97544e+18      4.9e+20      6.5e+23      
3.95872e+21      1.9509e+22      2.38567e+20      2.33756e+20      1.57833e+19      1.00323e+21      1.65366e+17      4.96924e+18      4.9e+20      6.5e+23      
3.94133e+21      1.95012e+22      2.44486e+20      2.38989e+20      1.65985e+19      1.0297e+21      1.65102e+17      4.96277e+18      4.9e+20      6.5e+23      
3.92398e+21      1.94934e+22      2.50388e+20      2.44181e+20      1.74332e+19      1.05618e+21      1.64837e+17      4.95606e+18      4.9e+20      6.5e+23      
3.90667e+21      1.94856e+22      2.56274e+20      2.4933e+20      1.82871e+19      1.08265e+21      1.64571e+17      4.94914e+18      4.9e+20      6.5e+23      
3.88942e+21      1.94777e+22      2.62143e+20      2.54438e+20      1.91601e+19      1.10912e+21      1.64304e+17      4.94204e+18      4.9e+20      6.5e+23      
3.87222e+21      1.94699e+22      2.67996e+20      2.59505e+20      2.00523e+19      1.1356e+21      1.64035e+17      4.93479e+18      4.9e+20      6.5e+23      
3.85506e+21      1.9462e+22      2.73833e+20      2.64531e+20      2.09636e+19      1.16207e+21      1.63765e+17      4.92739e+18      4.9e+20      6.5e+23      
3.83795e+21      1.94542e+22      2.79653e+20      2.69517e+20      2.18938e+19      1.18854e+21      1.63494e+17      4.91988e+18      4.9e+20      6.5e+23      
3.82089e+21      1.94463e+22      2.85457e+20      2.74462e+20      2.28429e+19      1.21502e+21      1.63223e+17      4.91226e+18      4.9e+20      6.5e+23      
3.80387e+21      1.94384e+22      2.91246e+20      2.79367e+20      2.38108e+19      1.24149e+21      1.62949e+17      4.90454e+18      4.9e+20      6.5e+23      
3.78691e+21      1.94305e+22      2.97017e+20      2.84232e+20      2.47975e+19      1.26797e+21      1.62675e+17      4.89674e+18      4.9e+20      6.5e+23      
3.76999e+21      1.94226e+22      3.02773e+20      2.89058e+20      2.58029e+19      1.29444e+21      1.624e+17      4.88886e+18      4.9e+20      6.5e+23      
3.75311e+21      1.94147e+22      3.08513e+20      2.93844e+20      2.68269e+19      1.32092e+21      1.62124e+17      4.88091e+18      4.9e+20      6.5e+23      
3.73629e+21      1.94068e+22      3.14237e+20      2.98591e+20      2.78695e+19      1.34739e+21      1.61846e+17      4.87289e+18      4.9e+20      6.5e+23      
3.71951e+21      1.93989e+22      3.19945e+20      3.033e+20      2.89305e+19      1.37386e+21      1.61568e+17      4.86482e+18      4.9e+20      6.5e+23      
3.70278e+21      1.93909e+22      3.25638e+20      3.0797e+20      3.00099e+19      1.40034e+21      1.61288e+17      4.85669e+18      4.9e+20      6.5e+23      
3.68609e+21      1.9383e+22      3.31314e+20      3.12602e+20      3.11078e+19      1.42681e+21      1.61008e+17      4.84852e+18      4.9e+20      6.5e+23      
3.66945e+21      1.9375e+22      3.36975e+20      3.17195e+20      3.22238e+19      1.45329e+21      1.60726e+17      4.84029e+18      4.9e+20      6.5e+23      
3.65285e+21      1.9367e+22      3.4262e+20      3.21751e+20      3.33582e+19      1.47976e+21      1.60444e+17      4.83202e+18      4.9e+20      6.5e+23      
3.63631e+21      1.93591e+22      3.4825e+20      3.26269e+20      3.45106e+19      1.50624e+21      1.6016e+17      4.8237e+18      4.9e+20      6.5e+23      
3.6198e+21      1.93511e+22      3.53864e+20      3.3075e+20      3.56812e+19      1.53271e+21      1.59876e+17      4.81535e+18      4.9e+20      6.5e+23      
3.60335e+21      1.9343e+22      3.59462e+20      3.35194e+20      3.68698e+19      1.55919e+21      1.5959e+17      4.80696e+18      4.9e+20      6.5e+23      
3.58694e+21      1.9335e+22      3.65045e+20      3.39601e+20      3.80764e+19      1.58566e+21      1.59304e+17      4.79853e+18      4.9e+20      6.5e+23      
3.57057e+21      1.9327e+22      3.70613e+20      3.43971e+20      3.93009e+19      1.61214e+21      1.59017e+17      4.79006e+18      4.9e+20      6.5e+23      
3.55425e+21      1.9319e+22      3.76165e+20      3.48306e+20      4.05433e+19      1.63861e+21      1.58728e+17      4.78156e+18      4.9e+20      6.5e+23      
3.53797e+21      1.93109e+22      3.81702e+20      3.52603e+20      4.18035e+19      1.66509e+21      1.58439e+17      4.77302e+18      4.9e+20      6.5e+23      
3.52174e+21      1.93028e+22      3.87223e+20      3.56866e+20      4.30814e+19      1.69156e+21      1.58149e+17      4.76446e+18      4.9e+20      6.5e+23      
3.50556e+21      1.92948e+22      3.92729e+20      3.61092e+20      4.4377e+19      1.71804e+21      1.57858e+17      4.75586e+18      4.9e+20      6.5e+23      
3.48941e+21      1.92867e+22      3.98221e+20      3.65283e+20      4.56903e+19      1.74451e+21      1.57566e+17      4.74723e+18      4.9e+20      6.5e+23      
3.47332e+21      1.92786e+22      4.03697e+20      3.69438e+20      4.70211e+19      1.77099e+21      1.57273e+17      4.73856e+18      4.9e+20      6.5e+23      
3.45727e+21      1.92705e+22      4.09157e+20      3.73559e+20      4.83694e+19      1.79746e+21      1.5698e+17      4.72987e+18      4.9e+20      6.5e+23      
3.44126e+21      1.92624e+22      4.14603e+20      3.77645e+20      4.97352e+19      1.82394e+21      1.56685e+17      4.72115e+18      4.9e+20      6.5e+23      
3.42529e+21      1.92542e+22      4.20034e+20      3.81696e+20      5.11184e+19      1.85041e+21      1.5639e+17      4.7124e+18      4.9e+20      6.5e+23      
3.40937e+21      1.92461e+22      4.2545e+20      3.85713e+20      5.2519e+19      1.87689e+21      1.56094e+17      4.70363e+18      4.9e+20      6.5e+23      
3.3935e+21      1.92379e+22      4.30851e+20      3.89696e+20      5.39369e+19      1.90337e+21      1.55797e+17      4.69482e+18      4.9e+20      6.5e+23      
3.37766e+21      1.92297e+22      4.36237e+20      3.93645e+20      5.53721e+19      1.92984e+21      1.55499e+17      4.68599e+18      4.9e+20      6.5e+23      
3.36187e+21      1.92216e+22      4.41608e+20      3.9756e+20      5.68244e+19      1.95632e+21      1.55201e+17      4.67713e+18      4.9e+20      6.5e+23      
3.34613e+21      1.92134e+22      4.46964e+20      4.01442e+20      5.82939e+19      1.98279e+21      1.54901e+17      4.66824e+18      4.9e+20      6.5e+23      
3.33043e+21      1.92052e+22      4.52306e+20      4.05291e+20      5.97806e+19      2.00927e+21      1.54601e+17      4.65933e+18      4.9e+20      6.5e+23      
3.31477e+21      1.91969e+22      4.57633e+20      4.09106e+20      6.12842e+19      2.03574e+21      1.543e+17      4.6504e+18      4.9e+20      6.5e+23      
3.29915e+21      1.91887e+22      4.62945e+20      4.12888e+20      6.28049e+19      2.06222e+21      1.53998e+17      4.64143e+18      4.9e+20      6.5e+23      
3.28358e+21      1.91805e+22      4.68243e+20      4.16638e+20      6.43426e+19      2.08869e+21      1.53696e+17      4.63245e+18      4.9e+20      6.5e+23      
3.26805e+21      1.91722e+22      4.73526e+20      4.20356e+20      6.58972e+19      2.11517e+21      1.53393e+17      4.62343e+18      4.9e+20      6.5e+23      
3.25257e+21      1.91639e+22      4.78794e+20      4.24041e+20      6.74686e+19      2.14164e+21      1.53089e+17      4.6144e+18      4.9e+20      6.5e+23      
3.23712e+21      1.91556e+22      4.84048e+20      4.27694e+20      6.90569e+19      2.16812e+21      1.52784e+17      4.60534e+18      4.9e+20      6.5e+23      
3.22172e+21      1.91473e+22      4.89287e+20      4.31315e+20      7.0662e+19      2.1946e+21      1.52479e+17      4.59625e+18      4.9e+20      6.5e+23      
3.20636e+21      1.9139e+22      4.94512e+20      4.34904e+20      7.22837e+19      2.22107e+21      1.52173e+17      4.58715e+18      4.9e+20      6.5e+23      
3.19105e+21      1.91307e+22      4.99722e+20      4.38462e+20      7.39222e+19      2.24755e+21      1.51866e+17      4.57802e+18      4.9e+20      6.5e+23      
3.17577e+21      1.91224e+22      5.04918e+20      4.41989e+20      7.55774e+19      2.27402e+21      1.51559e+17      4.56886e+18      4.9e+20      6.5e+23      
3.16054e+21      1.9114e+22      5.10099e+20      4.45485e+20      7.72491e+19      2.3005e+21      1.51251e+17      4.55969e+18      4.9e+20      6.5e+23      
3.14535e+21      1.91057e+22      5.15267e+20      4.4895e+20      7.89374e+19      2.32697e+21      1.50942e+17      4.55049e+18      4.9e+20      6.5e+23      
3.1302e+21      1.90973e+22      5.2042e+20      4.52384e+20      8.06423e+19      2.35345e+21      1.50633e+17      4.54128e+18      4.9e+20      6.5e+23      
3.1151e+21      1.90889e+22      5.25558e+20      4.55787e+20      8.23636e+19      2.37993e+21      1.50323e+17      4.53204e+18      4.9e+20      6.5e+23      
3.10004e+21      1.90805e+22      5.30683e+20      4.5916e+20      8.41014e+19      2.4064e+21      1.50012e+17      4.52278e+18      4.9e+20      6.5e+23      
3.08501e+21      1.90721e+22      5.35793e+20      4.62504e+20      8.58555e+19      2.43288e+21      1.49701e+17      4.5135e+18      4.9e+20      6.5e+23      
3.07003e+21      1.90636e+22      5.40889e+20      4.65817e+20      8.7626e+19      2.45935e+21      1.49389e+17      4.5042e+18      4.9e+20      6.5e+23      
3.0551e+21      1.90552e+22      5.4597e+20      4.691e+20      8.94129e+19      2.48583e+21      1.49077e+17      4.49488e+18      4.9e+20      6.5e+23      
3.0402e+21      1.90467e+22      5.51038e+20      4.72354e+20      9.1216e+19      2.51231e+21      1.48764e+17      4.48554e+18      4.9e+20      6.5e+23      
3.02534e+21      1.90382e+22      5.56092e+20      4.75578e+20      9.30354e+19      2.53878e+21      1.4845e+17      4.47618e+18      4.9e+20      6.5e+23      
3.01053e+21      1.90298e+22      5.61131e+20      4.78773e+20      9.4871e+19      2.56526e+21      1.48136e+17      4.4668e+18      4.9e+20      6.5e+23      
2.99576e+21      1.90213e+22      5.66157e+20      4.81939e+20      9.67228e+19      2.59173e+21      1.47821e+17      4.4574e+18      4.9e+20      6.5e+23      
2.98103e+21      1.90127e+22      5.71168e+20      4.85076e+20      9.85907e+19      2.61821e+21      1.47506e+17      4.44798e+18      4.9e+20      6.5e+23      
2.96634e+21      1.90042e+22      5.76166e+20      4.88185e+20      1.00475e+20      2.64468e+21      1.4719e+17      4.43855e+18      4.9e+20      6.5e+23      
2.95169e+21      1.89957e+22      5.81149e+20      4.91264e+20      1.02375e+20      2.67116e+21      1.46874e+17      4.4291e+18      4.9e+20      6.5e+23      
2.93708e+21      1.89871e+22      5.86119e+20      4.94316e+20      1.04291e+20      2.69764e+21      1.46557e+17      4.41963e+18      4.9e+20      6.5e+23      
2.92251e+21      1.89785e+22      5.91075e+20      4.97339e+20      1.06223e+20      2.72411e+21      1.4624e+17      4.41014e+18      4.9e+20      6.5e+23      
2.90798e+21      1.89699e+22      5.96017e+20      5.00335e+20      1.08171e+20      2.75059e+21      1.45922e+17      4.40064e+18      4.9e+20      6.5e+23      
2.8935e+21      1.89613e+22      6.00945e+20      5.03302e+20      1.10135e+20      2.77706e+21      1.45604e+17      4.39112e+18      4.9e+20      6.5e+23      
2.87905e+21      1.89527e+22      6.05859e+20      5.06242e+20      1.12115e+20      2.80354e+21      1.45285e+17      4.38158e+18      4.9e+20      6.5e+23      
2.86465e+21      1.89441e+22      6.10759e+20      5.09154e+20      1.14111e+20      2.83002e+21      1.44965e+17      4.37203e+18      4.9e+20      6.5e+23      
2.85028e+21      1.89354e+22      6.15646e+20      5.12039e+20      1.16123e+20      2.85649e+21      1.44646e+17      4.36246e+18      4.9e+20      6.5e+23      
2.83596e+21      1.89267e+22      6.20519e+20      5.14897e+20      1.1815e+20      2.88297e+21      1.44325e+17      4.35288e+18      4.9e+20      6.5e+23      
2.82167e+21      1.89181e+22      6.25378e+20      5.17728e+20      1.20193e+20      2.90945e+21      1.44005e+17      4.34328e+18      4.9e+20      6.5e+23      
2.80743e+21      1.89094e+22      6.30223e+20      5.20531e+20      1.22252e+20      2.93592e+21      1.43684e+17      4.33366e+18      4.9e+20      6.5e+23      
2.79323e+21      1.89006e+22      6.35055e+20      5.23309e+20      1.24327e+20      2.9624e+21      1.43362e+17      4.32404e+18      4.9e+20      6.5e+23      
2.77906e+21      1.88919e+22      6.39873e+20      5.26059e+20      1.26417e+20      2.98887e+21      1.4304e+17      4.31439e+18      4.9e+20      6.5e+23      
2.76494e+21      1.88832e+22      6.44677e+20      5.28784e+20      1.28523e+20      3.01535e+21      1.42718e+17      4.30474e+18      4.9e+20      6.5e+23      
2.75086e+21      1.88744e+22      6.49468e+20      5.31482e+20      1.30645e+20      3.04183e+21      1.42395e+17      4.29506e+18      4.9e+20      6.5e+23      
2.73682e+21      1.88656e+22      6.54245e+20      5.34154e+20      1.32782e+20      3.0683e+21      1.42072e+17      4.28538e+18      4.9e+20      6.5e+23      
2.72281e+21      1.88568e+22      6.59009e+20      5.368e+20      1.34935e+20      3.09478e+21      1.41748e+17      4.27568e+18      4.9e+20      6.5e+23      
2.70885e+21      1.8848e+22      6.63759e+20      5.3942e+20      1.37103e+20      3.12126e+21      1.41424e+17      4.26597e+18      4.9e+20      6.5e+23      
2.69493e+21      1.88392e+22      6.68496e+20      5.42015e+20      1.39287e+20      3.14773e+21      1.411e+17      4.25625e+18      4.9e+20      6.5e+23      
2.68104e+21      1.88304e+22      6.73219e+20      5.44584e+20      1.41487e+20      3.17421e+21      1.40775e+17      4.24651e+18      4.9e+20      6.5e+23      
2.6672e+21      1.88215e+22      6.77928e+20      5.47128e+20      1.43702e+20      3.20068e+21      1.4045e+17      4.23676e+18      4.9e+20      6.5e+23      
2.65339e+21      1.88126e+22      6.82624e+20      5.49647e+20      1.45932e+20      3.22716e+21      1.40125e+17      4.22701e+18      4.9e+20      6.5e+23      
2.63963e+21      1.88037e+22      6.87307e+20      5.52141e+20      1.48178e+20      3.25364e+21      1.39799e+17      4.21723e+18      4.9e+20      6.5e+23      
2.6259e+21      1.87948e+22      6.91976e+20      5.5461e+20      1.50439e+20      3.28011e+21      1.39473e+17      4.20745e+18      4.9e+20      6.5e+23      
2.61222e+21      1.87859e+22      6.96632e+20      5.57055e+20      1.52715e+20      3.30659e+21      1.39147e+17      4.19766e+18      4.9e+20      6.5e+23      
2.59857e+21      1.8777e+22      7.01274e+20      5.59475e+20      1.55007e+20      3.33307e+21      1.3882e+17      4.18785e+18      4.9e+20      6.5e+23      
2.58497e+21      1.8768e+22      7.05903e+20      5.6187e+20      1.57314e+20      3.35954e+21      1.38493e+17      4.17804e+18      4.9e+20      6.5e+23      
2.5714e+21      1.8759e+22      7.10519e+20      5.64241e+20      1.59637e+20      3.38602e+21      1.38166e+17      4.16821e+18      4.9e+20      6.5e+23      
2.55787e+21      1.87501e+22      7.15121e+20      5.66588e+20      1.61974e+20      3.4125e+21      1.37839e+17      4.15838e+18      4.9e+20      6.5e+23      
2.54438e+21      1.8741e+22      7.1971e+20      5.68912e+20      1.64327e+20      3.43897e+21      1.37511e+17      4.14853e+18      4.9e+20      6.5e+23      
2.53093e+21      1.8732e+22      7.24285e+20      5.71211e+20      1.66696e+20      3.46545e+21      1.37183e+17      4.13868e+18      4.9e+20      6.5e+23      
2.51752e+21      1.8723e+22      7.28848e+20      5.73487e+20      1.69079e+20      3.49192e+21      1.36854e+17      4.12882e+18      4.9e+20      6.5e+23      
2.50415e+21      1.87139e+22      7.33397e+20      5.75739e+20      1.71478e+20      3.5184e+21      1.36526e+17      4.11894e+18      4.9e+20      6.5e+23      
2.49081e+21      1.87048e+22      7.37932e+20      5.77968e+20      1.73891e+20      3.54488e+21      1.36197e+17      4.10906e+18      4.9e+20      6.5e+23      
2.47752e+21      1.86957e+22      7.42455e+20      5.80173e+20      1.7632e+20      3.57135e+21      1.35868e+17      4.09917e+18      4.9e+20      6.5e+23      
2.46426e+21      1.86866e+22      7.46964e+20      5.82356e+20      1.78764e+20      3.59783e+21      1.35539e+17      4.08928e+18      4.9e+20      6.5e+23      
2.45105e+21      1.86775e+22      7.5146e+20      5.84515e+20      1.81223e+20      3.62431e+21      1.35209e+17      4.07937e+18      4.9e+20      6.5e+23      
2.43787e+21      1.86683e+22      7.55943e+20      5.86652e+20      1.83698e+20      3.65078e+21      1.3488e+17      4.06946e+18      4.9e+20      6.5e+23      
2.42473e+21      1.86592e+22      7.60412e+20      5.88766e+20      1.86187e+20      3.67726e+21      1.3455e+17      4.05954e+18      4.9e+20      6.5e+23      
2.41163e+21      1.865e+22      7.64868e+20      5.90858e+20      1.88691e+20      3.70374e+21      1.3422e+17      4.04961e+18      4.9e+20      6.5e+23      
2.39857e+21      1.86408e+22      7.69311e+20      5.92927e+20      1.91211e+20      3.73021e+21      1.3389e+17      4.03968e+18      4.9e+20      6.5e+23      
2.38555e+21      1.86316e+22      7.73741e+20      5.94973e+20      1.93745e+20      3.75669e+21      1.33559e+17      4.02974e+18      4.9e+20      6.5e+23      
2.37257e+21      1.86223e+22      7.78158e+20      5.96998e+20      1.96295e+20      3.78317e+21      1.33229e+17      4.01979e+18      4.9e+20      6.5e+23      
2.35962e+21      1.86131e+22      7.82562e+20      5.99001e+20      1.98859e+20      3.80964e+21      1.32898e+17      4.00984e+18      4.9e+20      6.5e+23      
2.34672e+21      1.86038e+22      7.86952e+20      6.00981e+20      2.01438e+20      3.83612e+21      1.32567e+17      3.99988e+18      4.9e+20      6.5e+23      
2.33385e+21      1.85945e+22      7.9133e+20      6.0294e+20      2.04033e+20      3.8626e+21      1.32236e+17      3.98992e+18      4.9e+20      6.5e+23      
2.32102e+21      1.85852e+22      7.95694e+20      6.04878e+20      2.06642e+20      3.88907e+21      1.31905e+17      3.97995e+18      4.9e+20      6.5e+23      
2.30823e+21      1.85758e+22      8.00045e+20      6.06794e+20      2.09266e+20      3.91555e+21      1.31573e+17      3.96997e+18      4.9e+20      6.5e+23      
2.29548e+21      1.85665e+22      8.04383e+20      6.08688e+20      2.11905e+20      3.94202e+21      1.31242e+17      3.95999e+18      4.9e+20      6.5e+23      
2.28276e+21      1.85571e+22      8.08708e+20      6.10561e+20      2.14559e+20      3.9685e+21      1.30911e+17      3.95001e+18      4.9e+20      6.5e+23      
2.27009e+21      1.85477e+22      8.1302e+20      6.12413e+20      2.17228e+20      3.99498e+21      1.30579e+17      3.94002e+18      4.9e+20      6.5e+23      
2.25745e+21      1.85383e+22      8.17319e+20      6.14245e+20      2.19912e+20      4.02145e+21      1.30247e+17      3.93003e+18      4.9e+20      6.5e+23      
2.24485e+21      1.85289e+22      8.21605e+20      6.16055e+20      2.2261e+20      4.04793e+21      1.29915e+17      3.92004e+18      4.9e+20      6.5e+23      
2.23229e+21      1.85194e+22      8.25878e+20      6.17844e+20      2.25324e+20      4.07441e+21      1.29584e+17      3.91004e+18      4.9e+20      6.5e+23      
2.21977e+21      1.851e+22      8.30138e+20      6.19613e+20      2.28052e+20      4.10088e+21      1.29252e+17      3.90003e+18      4.9e+20      6.5e+23      
2.20729e+21      1.85005e+22      8.34384e+20      6.21362e+20      2.30795e+20      4.12736e+21      1.2892e+17      3.89003e+18      4.9e+20      6.5e+23      
2.19484e+21      1.8491e+22      8.38618e+20      6.2309e+20      2.33553e+20      4.15384e+21      1.28588e+17      3.88002e+18      4.9e+20      6.5e+23      
2.18243e+21      1.84814e+22      8.42839e+20      6.24798e+20      2.36325e+20      4.18031e+21      1.28256e+17      3.87001e+18      4.9e+20      6.5e+23      
2.17006e+21      1.84719e+22      8.47047e+20      6.26486e+20      2.39112e+20      4.20679e+21      1.27923e+17      3.86e+18      4.9e+20      6.5e+23      
2.15773e+21      1.84623e+22      8.51241e+20      6.28154e+20      2.41914e+20      4.23327e+21      1.27591e+17      3.84998e+18      4.9e+20      6.5e+23      
2.14544e+21      1.84527e+22      8.55423e+20      6.29802e+20      2.44731e+20      4.25974e+21      1.27259e+17      3.83997e+18      4.9e+20      6.5e+23      
2.13319e+21      1.84431e+22      8.59592e+20      6.3143e+20      2.47563e+20      4.28622e+21      1.26927e+17      3.82995e+18      4.9e+20      6.5e+23      
2.12097e+21      1.84335e+22      8.63748e+20      6.33039e+20      2.50409e+20      4.3127e+21      1.26595e+17      3.81993e+18      4.9e+20      6.5e+23      
2.10879e+21      1.84239e+22      8.6789e+20      6.34628e+20      2.5327e+20      4.33917e+21      1.26263e+17      3.80991e+18      4.9e+20      6.5e+23      
2.09665e+21      1.84142e+22      8.7202e+20      6.36198e+20      2.56146e+20      4.36565e+21      1.2593e+17      3.79989e+18      4.9e+20      6.5e+23      
2.08455e+21      1.84045e+22      8.76137e+20      6.37748e+20      2.59036e+20      4.39213e+21      1.25598e+17      3.78987e+18      4.9e+20      6.5e+23      
2.07249e+21      1.83948e+22      8.80241e+20      6.39279e+20      2.61941e+20      4.4186e+21      1.25266e+17      3.77984e+18      4.9e+20      6.5e+23      
2.06046e+21      1.83851e+22      8.84332e+20      6.40792e+20      2.64861e+20      4.44508e+21      1.24934e+17      3.76982e+18      4.9e+20      6.5e+23      
2.04847e+21      1.83753e+22      8.8841e+20      6.42285e+20      2.67795e+20      4.47156e+21      1.24602e+17      3.7598e+18      4.9e+20      6.5e+23      
2.03652e+21      1.83655e+22      8.92475e+20      6.4376e+20      2.70744e+20      4.49803e+21      1.2427e+17      3.74978e+18      4.9e+20      6.5e+23      
2.02461e+21      1.83558e+22      8.96528e+20      6.45216e+20      2.73707e+20      4.52451e+21      1.23938e+17      3.73976e+18      4.9e+20      6.5e+23      
2.01274e+21      1.83459e+22      9.00567e+20      6.46653e+20      2.76686e+20      4.55099e+21      1.23606e+17      3.72974e+18      4.9e+20      6.5e+23      
2.0009e+21      1.83361e+22      9.04593e+20      6.48072e+20      2.79679e+20      4.57746e+21      1.23274e+17      3.71972e+18      4.9e+20      6.5e+23      
1.9891e+21      1.83262e+22      9.08607e+20      6.49472e+20      2.82686e+20      4.60394e+21      1.22942e+17      3.7097e+18      4.9e+20      6.5e+23      
1.97734e+21      1.83164e+22      9.12607e+20      6.50855e+20      2.85708e+20      4.63042e+21      1.22611e+17      3.69969e+18      4.9e+20      6.5e+23      
1.96562e+21      1.83065e+22      9.16595e+20      6.52219e+20      2.88745e+20      4.65689e+21      1.22279e+17      3.68967e+18      4.9e+20      6.5e+23      
1.95394e+21      1.82965e+22      9.2057e+20      6.53565e+20      2.91796e+20      4.68337e+21      1.21947e+17      3.67966e+18      4.9e+20      6.5e+23      
1.94229e+21      1.82866e+22      9.24531e+20      6.54893e+20      2.94862e+20      4.70985e+21      1.21616e+17      3.66965e+18      4.9e+20      6.5e+23      
1.93068e+21      1.82766e+22      9.2848e+20      6.56204e+20      2.97942e+20      4.73632e+21      1.21285e+17      3.65965e+18      4.9e+20      6.5e+23      
1.91911e+21      1.82667e+22      9.32416e+20      6.57497e+20      3.01037e+20      4.7628e+21      1.20954e+17      3.64964e+18      4.9e+20      6.5e+23      
1.90758e+21      1.82566e+22      9.3634e+20      6.58772e+20      3.04147e+20      4.78928e+21      1.20623e+17      3.63964e+18      4.9e+20      6.5e+23      
1.89609e+21      1.82466e+22      9.4025e+20      6.6003e+20      3.07271e+20      4.81575e+21      1.20292e+17      3.62964e+18      4.9e+20      6.5e+23      
1.88463e+21      1.82366e+22      9.44147e+20      6.61271e+20      3.1041e+20      4.84223e+21      1.19961e+17      3.61965e+18      4.9e+20      6.5e+23      
1.87321e+21      1.82265e+22      9.48032e+20      6.62494e+20      3.13563e+20      4.86871e+21      1.1963e+17      3.60966e+18      4.9e+20      6.5e+23      
1.86183e+21      1.82164e+22      9.51903e+20      6.637e+20      3.16731e+20      4.89518e+21      1.193e+17      3.59967e+18      4.9e+20      6.5e+23      
1.85049e+21      1.82063e+22      9.55762e+20      6.64889e+20      3.19913e+20      4.92166e+21      1.1897e+17      3.58969e+18      4.9e+20      6.5e+23      
1.83918e+21      1.81961e+22      9.59608e+20      6.66061e+20      3.2311e+20      4.94813e+21      1.1864e+17      3.57971e+18      4.9e+20      6.5e+23      
1.82792e+21      1.8186e+22      9.63441e+20      6.67217e+20      3.26321e+20      4.97461e+21      1.1831e+17      3.56974e+18      4.9e+20      6.5e+23      
1.81669e+21      1.81758e+22      9.67261e+20      6.68355e+20      3.29547e+20      5.00109e+21      1.1798e+17      3.55977e+18      4.9e+20      6.5e+23      
1.80549e+21      1.81656e+22      9.71068e+20      6.69477e+20      3.32787e+20      5.02756e+21      1.1765e+17      3.5498e+18      4.9e+20      6.5e+23      
1.79434e+21      1.81553e+22      9.74863e+20      6.70583e+20      3.36042e+20      5.05404e+21      1.17321e+17      3.53985e+18      4.9e+20      6.5e+23      
1.78322e+21      1.81451e+22      9.78644e+20      6.71672e+20      3.39311e+20      5.08052e+21      1.16992e+17      3.52989e+18      4.9e+20      6.5e+23      
1.77215e+21      1.81348e+22      9.82413e+20      6.72745e+20      3.42595e+20      5.10699e+21      1.16663e+17      3.51995e+18      4.9e+20      6.5e+23      
1.76111e+21      1.81245e+22      9.86169e+20      6.73802e+20      3.45893e+20      5.13347e+21      1.16334e+17      3.51001e+18      4.9e+20      6.5e+23      
1.7501e+21      1.81142e+22      9.89912e+20      6.74842e+20      3.49206e+20      5.15995e+21      1.16006e+17      3.50007e+18      4.9e+20      6.5e+23      
1.73914e+21      1.81038e+22      9.93642e+20      6.75867e+20      3.52534e+20      5.18642e+21      1.15678e+17      3.49014e+18      4.9e+20      6.5e+23      
1.72821e+21      1.80934e+22      9.97359e+20      6.76876e+20      3.55875e+20      5.2129e+21      1.1535e+17      3.48022e+18      4.9e+20      6.5e+23      
1.71732e+21      1.8083e+22      1.00106e+21      6.77869e+20      3.59232e+20      5.23938e+21      1.15022e+17      3.47031e+18      4.9e+20      6.5e+23      
1.70647e+21      1.80726e+22      1.00475e+21      6.78846e+20      3.62602e+20      5.26585e+21      1.14695e+17      3.4604e+18      4.9e+20      6.5e+23      

