4.65825e+21      1.97993e+22      5.95305e+17      6.38886e+17      0      2.22713e+18      7.74137e+16      7.74137e+16      4.9e+20      6.5e+23      
4.64078e+21      1.97926e+22      6.5397e+18      7.00175e+18      1.03304e+16      2.52368e+19      1.73907e+17      7.90895e+17      4.9e+20      6.5e+23      
4.62335e+21      1.97858e+22      1.24682e+19      1.33194e+19      3.9377e+16      4.84424e+19      1.73988e+17      1.40482e+18      4.9e+20      6.5e+23      
4.60597e+21      1.97791e+22      1.83809e+19      1.95928e+19      8.70487e+16      7.17341e+19      1.73799e+17      1.93288e+18      4.9e+20      6.5e+23      
4.58863e+21      1.97723e+22      2.42779e+19      2.58223e+19      1.53256e+17      9.50999e+19      1.73608e+17      2.3869e+18      4.9e+20      6.5e+23      
4.57135e+21      1.97655e+22      3.01591e+19      3.20081e+19      2.37912e+17      1.1853e+20      1.73416e+17      2.77708e+18      4.9e+20      6.5e+23      
4.5541e+21      1.97587e+22      3.60247e+19      3.81505e+19      3.40927e+17      1.42014e+20      1.73222e+17      3.11222e+18      4.9e+20      6.5e+23      
4.53691e+21      1.97519e+22      4.18747e+19      4.42499e+19      4.62218e+17      1.65546e+20      1.73027e+17      3.39992e+18      4.9e+20      6.5e+23      
4.51976e+21      1.97452e+22      4.77093e+19      5.03065e+19      6.01698e+17      1.89119e+20      1.72831e+17      3.64674e+18      4.9e+20      6.5e+23      
4.50265e+21      1.97384e+22      5.35284e+19      5.63206e+19      7.59282e+17      2.12728e+20      1.72633e+17      3.85833e+18      4.9e+20      6.5e+23      
4.48559e+21      1.97316e+22      5.93322e+19      6.22924e+19      9.34889e+17      2.36366e+20      1.72434e+17      4.03955e+18      4.9e+20      6.5e+23      
4.46858e+21      1.97248e+22      6.51207e+19      6.82224e+19      1.12844e+18      2.60031e+20      1.72233e+17      4.19462e+18      4.9e+20      6.5e+23      
4.4516e+21      1.97179e+22      7.0894e+19      7.41106e+19      1.33984e+18      2.83718e+20      1.72032e+17      4.32716e+18      4.9e+20      6.5e+23      
4.43468e+21      1.97111e+22      7.66521e+19      7.99575e+19      1.56902e+18      3.07425e+20      1.71829e+17      4.4403e+18      4.9e+20      6.5e+23      
4.4178e+21      1.97043e+22      8.23951e+19      8.57632e+19      1.8159e+18      3.31148e+20      1.71624e+17      4.53672e+18      4.9e+20      6.5e+23      
4.40096e+21      1.96975e+22      8.81232e+19      9.15281e+19      2.08041e+18      3.54886e+20      1.71419e+17      4.61875e+18      4.9e+20      6.5e+23      
4.38417e+21      1.96906e+22      9.38362e+19      9.72524e+19      2.36245e+18      3.78636e+20      1.71212e+17      4.68838e+18      4.9e+20      6.5e+23      
4.36742e+21      1.96838e+22      9.95344e+19      1.02936e+20      2.66196e+18      4.02397e+20      1.71003e+17      4.74735e+18      4.9e+20      6.5e+23      
4.35071e+21      1.96769e+22      1.05218e+20      1.0858e+20      2.97886e+18      4.26167e+20      1.70794e+17      4.79714e+18      4.9e+20      6.5e+23      
4.33405e+21      1.96701e+22      1.10886e+20      1.14184e+20      3.31307e+18      4.49945e+20      1.70583e+17      4.83902e+18      4.9e+20      6.5e+23      
4.31743e+21      1.96632e+22      1.1654e+20      1.19749e+20      3.66452e+18      4.7373e+20      1.70371e+17      4.8741e+18      4.9e+20      6.5e+23      
4.30085e+21      1.96564e+22      1.22179e+20      1.25274e+20      4.03314e+18      4.9752e+20      1.70158e+17      4.90332e+18      4.9e+20      6.5e+23      
4.28432e+21      1.96495e+22      1.27804e+20      1.3076e+20      4.41885e+18      5.21316e+20      1.69944e+17      4.9275e+18      4.9e+20      6.5e+23      
4.26782e+21      1.96426e+22      1.33414e+20      1.36207e+20      4.82159e+18      5.45116e+20      1.69728e+17      4.94734e+18      4.9e+20      6.5e+23      
4.25138e+21      1.96357e+22      1.3901e+20      1.41616e+20      5.24128e+18      5.6892e+20      1.69512e+17      4.96345e+18      4.9e+20      6.5e+23      
4.23497e+21      1.96288e+22      1.44591e+20      1.46986e+20      5.67785e+18      5.92727e+20      1.69294e+17      4.97634e+18      4.9e+20      6.5e+23      
4.21861e+21      1.96219e+22      1.50158e+20      1.52319e+20      6.13123e+18      6.16536e+20      1.69075e+17      4.98647e+18      4.9e+20      6.5e+23      
4.20228e+21      1.9615e+22      1.5571e+20      1.57613e+20      6.60135e+18      6.40348e+20      1.68855e+17      4.99422e+18      4.9e+20      6.5e+23      
4.186e+21      1.96081e+22      1.61249e+20      1.6287e+20      7.08815e+18      6.64163e+20      1.68633e+17      4.99992e+18      4.9e+20      6.5e+23      
4.16977e+21      1.96012e+22      1.66773e+20      1.68089e+20      7.59155e+18      6.87979e+20      1.68411e+17      5.00385e+18      4.9e+20      6.5e+23      
4.15357e+21      1.95943e+22      1.72283e+20      1.73272e+20      8.1115e+18      7.11796e+20      1.68187e+17      5.00627e+18      4.9e+20      6.5e+23      
4.13741e+21      1.95873e+22      1.77779e+20      1.78417e+20      8.64793e+18      7.35615e+20      1.67963e+17      5.00738e+18      4.9e+20      6.5e+23      
4.1213e+21      1.95804e+22      1.83261e+20      1.83526e+20      9.20076e+18      7.59435e+20      1.67737e+17      5.00735e+18      4.9e+20      6.5e+23      
4.10523e+21      1.95735e+22      1.88728e+20      1.88598e+20      9.76995e+18      7.83255e+20      1.6751e+17      5.00636e+18      4.9e+20      6.5e+23      
4.08919e+21      1.95665e+22      1.94182e+20      1.93634e+20      1.03554e+19      8.07077e+20      1.67282e+17      5.00452e+18      4.9e+20      6.5e+23      
4.0732e+21      1.95595e+22      1.99622e+20      1.98634e+20      1.09571e+19      8.30899e+20      1.67053e+17      5.00196e+18      4.9e+20      6.5e+23      
4.05725e+21      1.95526e+22      2.05049e+20      2.03598e+20      1.1575e+19      8.54723e+20      1.66823e+17      4.99878e+18      4.9e+20      6.5e+23      
4.04134e+21      1.95456e+22      2.10461e+20      2.08527e+20      1.22089e+19      8.78546e+20      1.66592e+17      4.99505e+18      4.9e+20      6.5e+23      
4.02547e+21      1.95386e+22      2.1586e+20      2.1342e+20      1.28589e+19      9.0237e+20      1.6636e+17      4.99086e+18      4.9e+20      6.5e+23      
4.00964e+21      1.95316e+22      2.21245e+20      2.18278e+20      1.35248e+19      9.26195e+20      1.66127e+17      4.98626e+18      4.9e+20      6.5e+23      
3.99385e+21      1.95246e+22      2.26616e+20      2.23101e+20      1.42067e+19      9.50019e+20      1.65892e+17      4.9813e+18      4.9e+20      6.5e+23      
3.9781e+21      1.95176e+22      2.31974e+20      2.2789e+20      1.49044e+19      9.73844e+20      1.65657e+17      4.97604e+18      4.9e+20      6.5e+23      
3.96239e+21      1.95106e+22      2.37319e+20      2.32644e+20      1.5618e+19      9.9767e+20      1.65421e+17      4.97052e+18      4.9e+20      6.5e+23      
3.94672e+21      1.95036e+22      2.4265e+20      2.37364e+20      1.63473e+19      1.0215e+21      1.65184e+17      4.96476e+18      4.9e+20      6.5e+23      
3.93109e+21      1.94966e+22      2.47967e+20      2.42049e+20      1.70922e+19      1.04532e+21      1.64946e+17      4.9588e+18      4.9e+20      6.5e+23      
3.9155e+21      1.94895e+22      2.53271e+20      2.46701e+20      1.78528e+19      1.06915e+21      1.64707e+17      4.95266e+18      4.9e+20      6.5e+23      
3.89995e+21      1.94825e+22      2.58562e+20      2.51319e+20      1.8629e+19      1.09297e+21      1.64467e+17      4.94636e+18      4.9e+20      6.5e+23      
3.88444e+21      1.94754e+22      2.63839e+20      2.55904e+20      1.94207e+19      1.1168e+21      1.64226e+17      4.93992e+18      4.9e+20      6.5e+23      
3.86896e+21      1.94684e+22      2.69103e+20      2.60455e+20      2.02279e+19      1.14063e+21      1.63984e+17      4.93337e+18      4.9e+20      6.5e+23      
3.85353e+21      1.94613e+22      2.74354e+20      2.64973e+20      2.10504e+19      1.16445e+21      1.63741e+17      4.9267e+18      4.9e+20      6.5e+23      
3.83813e+21      1.94543e+22      2.79592e+20      2.69459e+20      2.18884e+19      1.18828e+21      1.63497e+17      4.91993e+18      4.9e+20      6.5e+23      
3.82277e+21      1.94472e+22      2.84816e+20      2.73911e+20      2.27416e+19      1.21211e+21      1.63252e+17      4.91308e+18      4.9e+20      6.5e+23      
3.80745e+21      1.94401e+22      2.90028e+20      2.78331e+20      2.36101e+19      1.23593e+21      1.63007e+17      4.90615e+18      4.9e+20      6.5e+23      
3.79217e+21      1.9433e+22      2.95226e+20      2.82719e+20      2.44938e+19      1.25976e+21      1.6276e+17      4.89915e+18      4.9e+20      6.5e+23      
3.77693e+21      1.94259e+22      3.00412e+20      2.87075e+20      2.53927e+19      1.28359e+21      1.62513e+17      4.89208e+18      4.9e+20      6.5e+23      
3.76172e+21      1.94188e+22      3.05584e+20      2.91399e+20      2.63066e+19      1.30741e+21      1.62265e+17      4.88496e+18      4.9e+20      6.5e+23      
3.74656e+21      1.94116e+22      3.10744e+20      2.95691e+20      2.72356e+19      1.33124e+21      1.62015e+17      4.87778e+18      4.9e+20      6.5e+23      
3.73143e+21      1.94045e+22      3.1589e+20      2.99952e+20      2.81796e+19      1.35507e+21      1.61765e+17      4.87055e+18      4.9e+20      6.5e+23      
3.71634e+21      1.93974e+22      3.21024e+20      3.04181e+20      2.91386e+19      1.37889e+21      1.61515e+17      4.86327e+18      4.9e+20      6.5e+23      
3.70128e+21      1.93902e+22      3.26145e+20      3.08379e+20      3.01125e+19      1.40272e+21      1.61263e+17      4.85595e+18      4.9e+20      6.5e+23      
3.68627e+21      1.93831e+22      3.31254e+20      3.12546e+20      3.11012e+19      1.42655e+21      1.6101e+17      4.84859e+18      4.9e+20      6.5e+23      
3.67129e+21      1.93759e+22      3.36349e+20      3.16682e+20      3.21048e+19      1.45038e+21      1.60757e+17      4.84118e+18      4.9e+20      6.5e+23      
3.65635e+21      1.93687e+22      3.41432e+20      3.20788e+20      3.31231e+19      1.4742e+21      1.60503e+17      4.83375e+18      4.9e+20      6.5e+23      
3.64144e+21      1.93615e+22      3.46502e+20      3.24863e+20      3.41561e+19      1.49803e+21      1.60248e+17      4.82628e+18      4.9e+20      6.5e+23      
3.62658e+21      1.93543e+22      3.5156e+20      3.28908e+20      3.52038e+19      1.52186e+21      1.59992e+17      4.81877e+18      4.9e+20      6.5e+23      
3.61175e+21      1.93471e+22      3.56605e+20      3.32922e+20      3.62662e+19      1.54569e+21      1.59736e+17      4.81123e+18      4.9e+20      6.5e+23      
3.59695e+21      1.93399e+22      3.61637e+20      3.36907e+20      3.73431e+19      1.56951e+21      1.59479e+17      4.80366e+18      4.9e+20      6.5e+23      
3.5822e+21      1.93327e+22      3.66657e+20      3.40862e+20      3.84346e+19      1.59334e+21      1.59221e+17      4.79606e+18      4.9e+20      6.5e+23      
3.56748e+21      1.93255e+22      3.71664e+20      3.44788e+20      3.95406e+19      1.61717e+21      1.58962e+17      4.78844e+18      4.9e+20      6.5e+23      
3.5528e+21      1.93182e+22      3.76659e+20      3.48684e+20      4.0661e+19      1.641e+21      1.58702e+17      4.78078e+18      4.9e+20      6.5e+23      
3.53815e+21      1.9311e+22      3.81642e+20      3.5255e+20      4.17959e+19      1.66482e+21      1.58442e+17      4.7731e+18      4.9e+20      6.5e+23      
3.52354e+21      1.93037e+22      3.86612e+20      3.56388e+20      4.29451e+19      1.68865e+21      1.58181e+17      4.76539e+18      4.9e+20      6.5e+23      
3.50896e+21      1.92965e+22      3.9157e+20      3.60197e+20      4.41086e+19      1.71248e+21      1.57919e+17      4.75766e+18      4.9e+20      6.5e+23      
3.49443e+21      1.92892e+22      3.96515e+20      3.63977e+20      4.52865e+19      1.73631e+21      1.57657e+17      4.7499e+18      4.9e+20      6.5e+23      
3.47993e+21      1.92819e+22      4.01449e+20      3.67728e+20      4.64786e+19      1.76013e+21      1.57393e+17      4.74211e+18      4.9e+20      6.5e+23      
3.46546e+21      1.92746e+22      4.0637e+20      3.71451e+20      4.76849e+19      1.78396e+21      1.57129e+17      4.7343e+18      4.9e+20      6.5e+23      
3.45103e+21      1.92673e+22      4.11279e+20      3.75146e+20      4.89053e+19      1.80779e+21      1.56865e+17      4.72647e+18      4.9e+20      6.5e+23      
3.43664e+21      1.926e+22      4.16175e+20      3.78813e+20      5.01399e+19      1.83162e+21      1.566e+17      4.71861e+18      4.9e+20      6.5e+23      
3.42228e+21      1.92527e+22      4.2106e+20      3.82451e+20      5.13886e+19      1.85544e+21      1.56334e+17      4.71073e+18      4.9e+20      6.5e+23      
3.40796e+21      1.92453e+22      4.25932e+20      3.86062e+20      5.26514e+19      1.87927e+21      1.56067e+17      4.70283e+18      4.9e+20      6.5e+23      
3.39367e+21      1.9238e+22      4.30792e+20      3.89646e+20      5.39282e+19      1.9031e+21      1.558e+17      4.6949e+18      4.9e+20      6.5e+23      
3.37942e+21      1.92306e+22      4.3564e+20      3.93201e+20      5.52189e+19      1.92693e+21      1.55532e+17      4.68695e+18      4.9e+20      6.5e+23      
3.3652e+21      1.92233e+22      4.40477e+20      3.9673e+20      5.65236e+19      1.95076e+21      1.55263e+17      4.67898e+18      4.9e+20      6.5e+23      
3.35102e+21      1.92159e+22      4.45301e+20      4.00231e+20      5.78422e+19      1.97458e+21      1.54994e+17      4.67099e+18      4.9e+20      6.5e+23      
3.33687e+21      1.92085e+22      4.50113e+20      4.03706e+20      5.91747e+19      1.99841e+21      1.54724e+17      4.66298e+18      4.9e+20      6.5e+23      
3.32276e+21      1.92011e+22      4.54913e+20      4.07153e+20      6.0521e+19      2.02224e+21      1.54453e+17      4.65495e+18      4.9e+20      6.5e+23      
3.30869e+21      1.91937e+22      4.59701e+20      4.10574e+20      6.18811e+19      2.04607e+21      1.54182e+17      4.64689e+18      4.9e+20      6.5e+23      
3.29465e+21      1.91863e+22      4.64478e+20      4.13968e+20      6.32549e+19      2.0699e+21      1.53911e+17      4.63882e+18      4.9e+20      6.5e+23      
3.28064e+21      1.91789e+22      4.69242e+20      4.17336e+20      6.46425e+19      2.09372e+21      1.53638e+17      4.63073e+18      4.9e+20      6.5e+23      
3.26667e+21      1.91714e+22      4.73995e+20      4.20677e+20      6.60438e+19      2.11755e+21      1.53365e+17      4.62261e+18      4.9e+20      6.5e+23      
3.25274e+21      1.9164e+22      4.78736e+20      4.23993e+20      6.74588e+19      2.14138e+21      1.53092e+17      4.61448e+18      4.9e+20      6.5e+23      
3.23883e+21      1.91565e+22      4.83465e+20      4.27282e+20      6.88873e+19      2.16521e+21      1.52818e+17      4.60633e+18      4.9e+20      6.5e+23      
3.22497e+21      1.91491e+22      4.88183e+20      4.30546e+20      7.03295e+19      2.18904e+21      1.52543e+17      4.59815e+18      4.9e+20      6.5e+23      
3.21113e+21      1.91416e+22      4.92888e+20      4.33784e+20      7.17853e+19      2.21286e+21      1.52268e+17      4.58996e+18      4.9e+20      6.5e+23      
3.19734e+21      1.91341e+22      4.97582e+20      4.36996e+20      7.32545e+19      2.23669e+21      1.51992e+17      4.58175e+18      4.9e+20      6.5e+23      
3.18357e+21      1.91266e+22      5.02264e+20      4.40183e+20      7.47373e+19      2.26052e+21      1.51716e+17      4.57353e+18      4.9e+20      6.5e+23      
3.16984e+21      1.91191e+22      5.06935e+20      4.43345e+20      7.62335e+19      2.28435e+21      1.51439e+17      4.56528e+18      4.9e+20      6.5e+23      
3.15615e+21      1.91116e+22      5.11594e+20      4.46481e+20      7.77432e+19      2.30818e+21      1.51161e+17      4.55702e+18      4.9e+20      6.5e+23      
3.14249e+21      1.91041e+22      5.16241e+20      4.49593e+20      7.92663e+19      2.332e+21      1.50883e+17      4.54874e+18      4.9e+20      6.5e+23      
3.12886e+21      1.90965e+22      5.20877e+20      4.5268e+20      8.08028e+19      2.35583e+21      1.50605e+17      4.54044e+18      4.9e+20      6.5e+23      
3.11527e+21      1.9089e+22      5.25501e+20      4.55742e+20      8.23526e+19      2.37966e+21      1.50326e+17      4.53212e+18      4.9e+20      6.5e+23      
3.10171e+21      1.90814e+22      5.30114e+20      4.58779e+20      8.39157e+19      2.40349e+21      1.50046e+17      4.52379e+18      4.9e+20      6.5e+23      
3.08818e+21      1.90738e+22      5.34715e+20      4.61792e+20      8.54922e+19      2.42732e+21      1.49766e+17      4.51544e+18      4.9e+20      6.5e+23      
3.07469e+21      1.90662e+22      5.39305e+20      4.64781e+20      8.70819e+19      2.45115e+21      1.49486e+17      4.50707e+18      4.9e+20      6.5e+23      
3.06123e+21      1.90586e+22      5.43883e+20      4.67746e+20      8.86848e+19      2.47497e+21      1.49205e+17      4.49869e+18      4.9e+20      6.5e+23      
3.04781e+21      1.9051e+22      5.4845e+20      4.70686e+20      9.03009e+19      2.4988e+21      1.48923e+17      4.49029e+18      4.9e+20      6.5e+23      
3.03442e+21      1.90434e+22      5.53005e+20      4.73603e+20      9.19302e+19      2.52263e+21      1.48641e+17      4.48188e+18      4.9e+20      6.5e+23      
3.02106e+21      1.90358e+22      5.57549e+20      4.76496e+20      9.35727e+19      2.54646e+21      1.48359e+17      4.47345e+18      4.9e+20      6.5e+23      
3.00774e+21      1.90281e+22      5.62082e+20      4.79365e+20      9.52282e+19      2.57029e+21      1.48076e+17      4.46501e+18      4.9e+20      6.5e+23      
2.99445e+21      1.90205e+22      5.66603e+20      4.82211e+20      9.68969e+19      2.59412e+21      1.47793e+17      4.45655e+18      4.9e+20      6.5e+23      
2.98119e+21      1.90128e+22      5.71112e+20      4.85033e+20      9.85786e+19      2.61794e+21      1.47509e+17      4.44807e+18      4.9e+20      6.5e+23      
2.96797e+21      1.90051e+22      5.75611e+20      4.87832e+20      1.00273e+20      2.64177e+21      1.47225e+17      4.43958e+18      4.9e+20      6.5e+23      
2.95478e+21      1.89974e+22      5.80098e+20      4.90608e+20      1.01981e+20      2.6656e+21      1.4694e+17      4.43108e+18      4.9e+20      6.5e+23      
2.94162e+21      1.89897e+22      5.84574e+20      4.93361e+20      1.03702e+20      2.68943e+21      1.46655e+17      4.42256e+18      4.9e+20      6.5e+23      
2.9285e+21      1.8982e+22      5.89039e+20      4.96091e+20      1.05436e+20      2.71326e+21      1.4637e+17      4.41403e+18      4.9e+20      6.5e+23      
2.9154e+21      1.89743e+22      5.93492e+20      4.98799e+20      1.07183e+20      2.73709e+21      1.46084e+17      4.40548e+18      4.9e+20      6.5e+23      
2.90235e+21      1.89666e+22      5.97934e+20      5.01483e+20      1.08942e+20      2.76091e+21      1.45798e+17      4.39692e+18      4.9e+20      6.5e+23      
2.88932e+21      1.89588e+22      6.02365e+20      5.04146e+20      1.10715e+20      2.78474e+21      1.45511e+17      4.38835e+18      4.9e+20      6.5e+23      
2.87633e+21      1.89511e+22      6.06785e+20      5.06785e+20      1.125e+20      2.80857e+21      1.45224e+17      4.37976e+18      4.9e+20      6.5e+23      
2.86337e+21      1.89433e+22      6.11193e+20      5.09403e+20      1.14298e+20      2.8324e+21      1.44937e+17      4.37116e+18      4.9e+20      6.5e+23      
2.85044e+21      1.89355e+22      6.15591e+20      5.11998e+20      1.16109e+20      2.85623e+21      1.44649e+17      4.36255e+18      4.9e+20      6.5e+23      
2.83755e+21      1.89277e+22      6.19977e+20      5.14572e+20      1.17933e+20      2.88006e+21      1.44361e+17      4.35393e+18      4.9e+20      6.5e+23      
2.82469e+21      1.89199e+22      6.24352e+20      5.17123e+20      1.1977e+20      2.90389e+21      1.44072e+17      4.34529e+18      4.9e+20      6.5e+23      
2.81186e+21      1.89121e+22      6.28716e+20      5.19653e+20      1.21619e+20      2.92771e+21      1.43783e+17      4.33664e+18      4.9e+20      6.5e+23      
2.79906e+21      1.89042e+22      6.33069e+20      5.22161e+20      1.23482e+20      2.95154e+21      1.43494e+17      4.32798e+18      4.9e+20      6.5e+23      
2.7863e+21      1.88964e+22      6.37411e+20      5.24648e+20      1.25356e+20      2.97537e+21      1.43204e+17      4.31931e+18      4.9e+20      6.5e+23      
2.77357e+21      1.88885e+22      6.41742e+20      5.27113e+20      1.27244e+20      2.9992e+21      1.42914e+17      4.31062e+18      4.9e+20      6.5e+23      
2.76087e+21      1.88806e+22      6.46062e+20      5.29557e+20      1.29144e+20      3.02303e+21      1.42624e+17      4.30193e+18      4.9e+20      6.5e+23      
2.74821e+21      1.88727e+22      6.50371e+20      5.31979e+20      1.31057e+20      3.04686e+21      1.42333e+17      4.29322e+18      4.9e+20      6.5e+23      
2.73557e+21      1.88648e+22      6.54668e+20      5.34381e+20      1.32983e+20      3.07069e+21      1.42042e+17      4.2845e+18      4.9e+20      6.5e+23      
2.72297e+21      1.88569e+22      6.58955e+20      5.36761e+20      1.34921e+20      3.09451e+21      1.41751e+17      4.27577e+18      4.9e+20      6.5e+23      
2.7104e+21      1.8849e+22      6.63231e+20      5.39121e+20      1.36871e+20      3.11834e+21      1.4146e+17      4.26703e+18      4.9e+20      6.5e+23      
2.69787e+21      1.88411e+22      6.67496e+20      5.4146e+20      1.38835e+20      3.14217e+21      1.41168e+17      4.25829e+18      4.9e+20      6.5e+23      
2.68536e+21      1.88331e+22      6.7175e+20      5.43778e+20      1.40811e+20      3.166e+21      1.40876e+17      4.24953e+18      4.9e+20      6.5e+23      
2.67289e+21      1.88251e+22      6.75993e+20      5.46076e+20      1.42799e+20      3.18983e+21      1.40583e+17      4.24076e+18      4.9e+20      6.5e+23      
2.66045e+21      1.88172e+22      6.80225e+20      5.48354e+20      1.448e+20      3.21366e+21      1.40291e+17      4.23198e+18      4.9e+20      6.5e+23      
2.64804e+21      1.88092e+22      6.84446e+20      5.50611e+20      1.46813e+20      3.23749e+21      1.39998e+17      4.22319e+18      4.9e+20      6.5e+23      
2.63566e+21      1.88012e+22      6.88656e+20      5.52848e+20      1.48839e+20      3.26132e+21      1.39705e+17      4.21439e+18      4.9e+20      6.5e+23      
2.62332e+21      1.87931e+22      6.92855e+20      5.55065e+20      1.50878e+20      3.28514e+21      1.39411e+17      4.20559e+18      4.9e+20      6.5e+23      
2.61101e+21      1.87851e+22      6.97044e+20      5.57261e+20      1.52928e+20      3.30897e+21      1.39117e+17      4.19677e+18      4.9e+20      6.5e+23      
2.59873e+21      1.87771e+22      7.01221e+20      5.59438e+20      1.54992e+20      3.3328e+21      1.38823e+17      4.18795e+18      4.9e+20      6.5e+23      
2.58648e+21      1.8769e+22      7.05388e+20      5.61596e+20      1.57067e+20      3.35663e+21      1.38529e+17      4.17911e+18      4.9e+20      6.5e+23      
2.57426e+21      1.87609e+22      7.09544e+20      5.63733e+20      1.59155e+20      3.38046e+21      1.38235e+17      4.17027e+18      4.9e+20      6.5e+23      
2.56208e+21      1.87528e+22      7.13689e+20      5.65851e+20      1.61256e+20      3.40429e+21      1.3794e+17      4.16142e+18      4.9e+20      6.5e+23      
2.54993e+21      1.87447e+22      7.17823e+20      5.6795e+20      1.63368e+20      3.42812e+21      1.37645e+17      4.15257e+18      4.9e+20      6.5e+23      
2.5378e+21      1.87366e+22      7.21947e+20      5.70029e+20      1.65494e+20      3.45195e+21      1.3735e+17      4.1437e+18      4.9e+20      6.5e+23      
2.52571e+21      1.87285e+22      7.26059e+20      5.72089e+20      1.67631e+20      3.47577e+21      1.37055e+17      4.13483e+18      4.9e+20      6.5e+23      
2.51366e+21      1.87203e+22      7.30161e+20      5.7413e+20      1.69781e+20      3.4996e+21      1.36759e+17      4.12595e+18      4.9e+20      6.5e+23      
2.50163e+21      1.87122e+22      7.34253e+20      5.76152e+20      1.71943e+20      3.52343e+21      1.36463e+17      4.11706e+18      4.9e+20      6.5e+23      
2.48964e+21      1.8704e+22      7.38333e+20      5.78155e+20      1.74117e+20      3.54726e+21      1.36167e+17      4.10817e+18      4.9e+20      6.5e+23      
2.47767e+21      1.86958e+22      7.42403e+20      5.8014e+20      1.76304e+20      3.57109e+21      1.35871e+17      4.09927e+18      4.9e+20      6.5e+23      
2.46574e+21      1.86876e+22      7.46462e+20      5.82105e+20      1.78503e+20      3.59492e+21      1.35575e+17      4.09036e+18      4.9e+20      6.5e+23      
2.45384e+21      1.86794e+22      7.5051e+20      5.84052e+20      1.80714e+20      3.61875e+21      1.35278e+17      4.08145e+18      4.9e+20      6.5e+23      
2.44197e+21      1.86712e+22      7.54547e+20      5.8598e+20      1.82937e+20      3.64258e+21      1.34982e+17      4.07253e+18      4.9e+20      6.5e+23      
2.43014e+21      1.86629e+22      7.58574e+20      5.8789e+20      1.85173e+20      3.6664e+21      1.34685e+17      4.0636e+18      4.9e+20      6.5e+23      
2.41833e+21      1.86547e+22      7.6259e+20      5.89782e+20      1.8742e+20      3.69023e+21      1.34388e+17      4.05467e+18      4.9e+20      6.5e+23      
2.40656e+21      1.86464e+22      7.66596e+20      5.91655e+20      1.8968e+20      3.71406e+21      1.34091e+17      4.04574e+18      4.9e+20      6.5e+23      
2.39481e+21      1.86381e+22      7.70591e+20      5.93511e+20      1.91952e+20      3.73789e+21      1.33794e+17      4.03679e+18      4.9e+20      6.5e+23      
2.3831e+21      1.86298e+22      7.74575e+20      5.95348e+20      1.94236e+20      3.76172e+21      1.33496e+17      4.02785e+18      4.9e+20      6.5e+23      
2.37142e+21      1.86215e+22      7.78548e+20      5.97167e+20      1.96533e+20      3.78555e+21      1.33199e+17      4.01889e+18      4.9e+20      6.5e+23      
2.35977e+21      1.86131e+22      7.82511e+20      5.98969e+20      1.98841e+20      3.80938e+21      1.32901e+17      4.00994e+18      4.9e+20      6.5e+23      
2.34815e+21      1.86048e+22      7.86463e+20      6.00753e+20      2.01162e+20      3.83321e+21      1.32603e+17      4.00097e+18      4.9e+20      6.5e+23      
2.33657e+21      1.85964e+22      7.90405e+20      6.02519e+20      2.03495e+20      3.85704e+21      1.32305e+17      3.99201e+18      4.9e+20      6.5e+23      
2.32501e+21      1.85881e+22      7.94335e+20      6.04268e+20      2.0584e+20      3.88086e+21      1.32007e+17      3.98304e+18      4.9e+20      6.5e+23      
2.31349e+21      1.85797e+22      7.98256e+20      6.05999e+20      2.08197e+20      3.90469e+21      1.31709e+17      3.97406e+18      4.9e+20      6.5e+23      
2.302e+21      1.85713e+22      8.02165e+20      6.07713e+20      2.10566e+20      3.92852e+21      1.31411e+17      3.96508e+18      4.9e+20      6.5e+23      
2.29053e+21      1.85628e+22      8.06065e+20      6.09409e+20      2.12947e+20      3.95235e+21      1.31113e+17      3.9561e+18      4.9e+20      6.5e+23      
2.2791e+21      1.85544e+22      8.09953e+20      6.11089e+20      2.1534e+20      3.97618e+21      1.30814e+17      3.94711e+18      4.9e+20      6.5e+23      
2.2677e+21      1.85459e+22      8.13831e+20      6.12751e+20      2.17745e+20      4.00001e+21      1.30516e+17      3.93812e+18      4.9e+20      6.5e+23      
2.25634e+21      1.85375e+22      8.17698e+20      6.14397e+20      2.20162e+20      4.02384e+21      1.30217e+17      3.92913e+18      4.9e+20      6.5e+23      
2.245e+21      1.8529e+22      8.21555e+20      6.16025e+20      2.22591e+20      4.04767e+21      1.29919e+17      3.92013e+18      4.9e+20      6.5e+23      
2.23369e+21      1.85205e+22      8.25401e+20      6.17637e+20      2.25033e+20      4.0715e+21      1.2962e+17      3.91113e+18      4.9e+20      6.5e+23      
2.22242e+21      1.85119e+22      8.29237e+20      6.19232e+20      2.27486e+20      4.09532e+21      1.29321e+17      3.90213e+18      4.9e+20      6.5e+23      
2.21117e+21      1.85034e+22      8.33062e+20      6.20811e+20      2.29951e+20      4.11915e+21      1.29023e+17      3.89313e+18      4.9e+20      6.5e+23      
2.19996e+21      1.84949e+22      8.36877e+20      6.22373e+20      2.32428e+20      4.14298e+21      1.28724e+17      3.88412e+18      4.9e+20      6.5e+23      
2.18878e+21      1.84863e+22      8.40681e+20      6.23918e+20      2.34918e+20      4.16681e+21      1.28425e+17      3.87512e+18      4.9e+20      6.5e+23      
2.17763e+21      1.84777e+22      8.44474e+20      6.25447e+20      2.37419e+20      4.19064e+21      1.28126e+17      3.86611e+18      4.9e+20      6.5e+23      
2.16651e+21      1.84691e+22      8.48257e+20      6.2696e+20      2.39932e+20      4.21447e+21      1.27827e+17      3.85709e+18      4.9e+20      6.5e+23      
2.15542e+21      1.84605e+22      8.52029e+20      6.28457e+20      2.42457e+20      4.2383e+21      1.27528e+17      3.84808e+18      4.9e+20      6.5e+23      
2.14436e+21      1.84519e+22      8.55791e+20      6.29938e+20      2.44994e+20      4.26213e+21      1.27229e+17      3.83906e+18      4.9e+20      6.5e+23      
2.13333e+21      1.84432e+22      8.59543e+20      6.31403e+20      2.47543e+20      4.28596e+21      1.2693e+17      3.83005e+18      4.9e+20      6.5e+23      
2.12234e+21      1.84346e+22      8.63284e+20      6.32851e+20      2.50104e+20      4.30978e+21      1.26631e+17      3.82103e+18      4.9e+20      6.5e+23      
2.11137e+21      1.84259e+22      8.67014e+20      6.34285e+20      2.52676e+20      4.33361e+21      1.26332e+17      3.81201e+18      4.9e+20      6.5e+23      
2.10043e+21      1.84172e+22      8.70734e+20      6.35702e+20      2.55261e+20      4.35744e+21      1.26033e+17      3.80299e+18      4.9e+20      6.5e+23      
2.08953e+21      1.84085e+22      8.74443e+20      6.37104e+20      2.57858e+20      4.38127e+21      1.25734e+17      3.79398e+18      4.9e+20      6.5e+23      
2.07866e+21      1.83997e+22      8.78142e+20      6.3849e+20      2.60466e+20      4.4051e+21      1.25435e+17      3.78496e+18      4.9e+20      6.5e+23      
2.06782e+21      1.8391e+22      8.81831e+20      6.3986e+20      2.63086e+20      4.42893e+21      1.25136e+17      3.77594e+18      4.9e+20      6.5e+23      
2.057e+21      1.83822e+22      8.85508e+20      6.41216e+20      2.65719e+20      4.45276e+21      1.24838e+17      3.76692e+18      4.9e+20      6.5e+23      
2.04622e+21      1.83734e+22      8.89176e+20      6.42556e+20      2.68363e+20      4.47659e+21      1.24539e+17      3.7579e+18      4.9e+20      6.5e+23      
2.03547e+21      1.83647e+22      8.92833e+20      6.4388e+20      2.71019e+20      4.50042e+21      1.2424e+17      3.74888e+18      4.9e+20      6.5e+23      
2.02475e+21      1.83558e+22      8.96479e+20      6.4519e+20      2.73686e+20      4.52425e+21      1.23941e+17      3.73986e+18      4.9e+20      6.5e+23      
2.01407e+21      1.8347e+22      9.00115e+20      6.46485e+20      2.76366e+20      4.54807e+21      1.23642e+17      3.73084e+18      4.9e+20      6.5e+23      
2.00341e+21      1.83382e+22      9.03741e+20      6.47764e+20      2.79058e+20      4.5719e+21      1.23344e+17      3.72183e+18      4.9e+20      6.5e+23      
1.99278e+21      1.83293e+22      9.07356e+20      6.49029e+20      2.81761e+20      4.59573e+21      1.23045e+17      3.71281e+18      4.9e+20      6.5e+23      
1.98218e+21      1.83204e+22      9.10961e+20      6.50279e+20      2.84476e+20      4.61956e+21      1.22747e+17      3.70379e+18      4.9e+20      6.5e+23      
1.97162e+21      1.83115e+22      9.14555e+20      6.51515e+20      2.87203e+20      4.64339e+21      1.22448e+17      3.69478e+18      4.9e+20      6.5e+23      
1.96108e+21      1.83026e+22      9.18139e+20      6.52735e+20      2.89942e+20      4.66722e+21      1.2215e+17      3.68577e+18      4.9e+20      6.5e+23      
1.95058e+21      1.82937e+22      9.21712e+20      6.53941e+20      2.92692e+20      4.69105e+21      1.21851e+17      3.67676e+18      4.9e+20      6.5e+23      
1.94011e+21      1.82847e+22      9.25275e+20      6.55133e+20      2.95455e+20      4.71488e+21      1.21553e+17      3.66775e+18      4.9e+20      6.5e+23      
1.92966e+21      1.82757e+22      9.28827e+20      6.5631e+20      2.98229e+20      4.73871e+21      1.21255e+17      3.65875e+18      4.9e+20      6.5e+23      

