4.65864e+21      1.97995e+22      4.63015e+17      4.96911e+17      0      1.73222e+18      6.02107e+16      6.02107e+16      4.9e+20      6.5e+23      
4.64504e+21      1.97942e+22      5.08795e+18      5.45005e+18      6.25116e+15      1.95812e+19      1.72579e+17      6.25269e+17      4.9e+20      6.5e+23      
4.63148e+21      1.9789e+22      9.7033e+18      1.03757e+19      2.38364e+16      3.76032e+19      1.74053e+17      1.12812e+18      4.9e+20      6.5e+23      
4.61794e+21      1.97837e+22      1.4309e+19      1.52745e+19      5.27125e+16      5.56823e+19      1.73929e+17      1.57552e+18      4.9e+20      6.5e+23      
4.60443e+21      1.97784e+22      1.89052e+19      2.01466e+19      9.28373e+16      7.38108e+19      1.73782e+17      1.97349e+18      4.9e+20      6.5e+23      
4.59094e+21      1.97732e+22      2.34919e+19      2.49921e+19      1.44169e+17      9.19834e+19      1.73634e+17      2.32739e+18      4.9e+20      6.5e+23      
4.57749e+21      1.97679e+22      2.8069e+19      2.98112e+19      2.06666e+17      1.10195e+20      1.73484e+17      2.64203e+18      4.9e+20      6.5e+23      
4.56406e+21      1.97626e+22      3.26367e+19      3.4604e+19      2.80287e+17      1.28442e+20      1.73334e+17      2.92167e+18      4.9e+20      6.5e+23      
4.55066e+21      1.97574e+22      3.71949e+19      3.93706e+19      3.64992e+17      1.4672e+20      1.73183e+17      3.17012e+18      4.9e+20      6.5e+23      
4.53729e+21      1.97521e+22      4.17437e+19      4.41113e+19      4.6074e+17      1.65026e+20      1.73031e+17      3.39079e+18      4.9e+20      6.5e+23      
4.52395e+21      1.97468e+22      4.62832e+19      4.8826e+19      5.67492e+17      1.83357e+20      1.72879e+17      3.5867e+18      4.9e+20      6.5e+23      
4.51063e+21      1.97415e+22      5.08133e+19      5.3515e+19      6.85206e+17      2.01709e+20      1.72725e+17      3.76055e+18      4.9e+20      6.5e+23      
4.49734e+21      1.97362e+22      5.53341e+19      5.81784e+19      8.13845e+17      2.20082e+20      1.72571e+17      3.91475e+18      4.9e+20      6.5e+23      
4.48408e+21      1.9731e+22      5.98457e+19      6.28163e+19      9.5337e+17      2.38472e+20      1.72416e+17      4.05144e+18      4.9e+20      6.5e+23      
4.47085e+21      1.97257e+22      6.4348e+19      6.74289e+19      1.10374e+18      2.56877e+20      1.7226e+17      4.17255e+18      4.9e+20      6.5e+23      
4.45764e+21      1.97204e+22      6.88411e+19      7.20162e+19      1.26492e+18      2.75296e+20      1.72103e+17      4.27977e+18      4.9e+20      6.5e+23      
4.44446e+21      1.97151e+22      7.3325e+19      7.65785e+19      1.43687e+18      2.93728e+20      1.71946e+17      4.37463e+18      4.9e+20      6.5e+23      
4.43131e+21      1.97098e+22      7.77997e+19      8.11158e+19      1.61955e+18      3.12171e+20      1.71788e+17      4.45847e+18      4.9e+20      6.5e+23      
4.41818e+21      1.97045e+22      8.22654e+19      8.56282e+19      1.81293e+18      3.30623e+20      1.71629e+17      4.53251e+18      4.9e+20      6.5e+23      
4.40508e+21      1.96991e+22      8.6722e+19      9.01159e+19      2.01697e+18      3.49084e+20      1.71469e+17      4.59782e+18      4.9e+20      6.5e+23      
4.392e+21      1.96938e+22      9.11695e+19      9.4579e+19      2.23163e+18      3.67553e+20      1.71308e+17      4.65536e+18      4.9e+20      6.5e+23      
4.37896e+21      1.96885e+22      9.5608e+19      9.90176e+19      2.45687e+18      3.86029e+20      1.71147e+17      4.70597e+18      4.9e+20      6.5e+23      
4.36594e+21      1.96832e+22      1.00037e+20      1.03432e+20      2.69267e+18      4.04511e+20      1.70985e+17      4.75043e+18      4.9e+20      6.5e+23      
4.35294e+21      1.96779e+22      1.04458e+20      1.07822e+20      2.93898e+18      4.22999e+20      1.70822e+17      4.7894e+18      4.9e+20      6.5e+23      
4.33997e+21      1.96725e+22      1.0887e+20      1.12188e+20      3.19577e+18      4.41491e+20      1.70658e+17      4.8235e+18      4.9e+20      6.5e+23      
4.32703e+21      1.96672e+22      1.13272e+20      1.1653e+20      3.463e+18      4.59988e+20      1.70494e+17      4.85324e+18      4.9e+20      6.5e+23      
4.31412e+21      1.96619e+22      1.17666e+20      1.20848e+20      3.74064e+18      4.78489e+20      1.70329e+17      4.87912e+18      4.9e+20      6.5e+23      
4.30123e+21      1.96565e+22      1.22051e+20      1.25142e+20      4.02866e+18      4.96993e+20      1.70163e+17      4.90156e+18      4.9e+20      6.5e+23      
4.28836e+21      1.96512e+22      1.26427e+20      1.29413e+20      4.32701e+18      5.155e+20      1.69996e+17      4.92094e+18      4.9e+20      6.5e+23      
4.27553e+21      1.96458e+22      1.30794e+20      1.3366e+20      4.63568e+18      5.3401e+20      1.69829e+17      4.93759e+18      4.9e+20      6.5e+23      
4.26271e+21      1.96405e+22      1.35153e+20      1.37884e+20      4.95462e+18      5.52522e+20      1.69661e+17      4.95182e+18      4.9e+20      6.5e+23      
4.24993e+21      1.96351e+22      1.39503e+20      1.42085e+20      5.28379e+18      5.71037e+20      1.69492e+17      4.96388e+18      4.9e+20      6.5e+23      
4.23717e+21      1.96298e+22      1.43844e+20      1.46262e+20      5.62318e+18      5.89553e+20      1.69323e+17      4.97403e+18      4.9e+20      6.5e+23      
4.22443e+21      1.96244e+22      1.48176e+20      1.50416e+20      5.97274e+18      6.08071e+20      1.69152e+17      4.98246e+18      4.9e+20      6.5e+23      
4.21172e+21      1.9619e+22      1.525e+20      1.54548e+20      6.33244e+18      6.26591e+20      1.68982e+17      4.98937e+18      4.9e+20      6.5e+23      
4.19904e+21      1.96137e+22      1.56815e+20      1.58656e+20      6.70225e+18      6.45112e+20      1.6881e+17      4.99493e+18      4.9e+20      6.5e+23      
4.18638e+21      1.96083e+22      1.61121e+20      1.62742e+20      7.08214e+18      6.63634e+20      1.68638e+17      4.99928e+18      4.9e+20      6.5e+23      
4.17374e+21      1.96029e+22      1.65419e+20      1.66805e+20      7.47208e+18      6.82157e+20      1.68465e+17      5.00255e+18      4.9e+20      6.5e+23      
4.16114e+21      1.95975e+22      1.69709e+20      1.70846e+20      7.87203e+18      7.00681e+20      1.68291e+17      5.00487e+18      4.9e+20      6.5e+23      
4.14855e+21      1.95921e+22      1.7399e+20      1.74864e+20      8.28197e+18      7.19207e+20      1.68117e+17      5.00634e+18      4.9e+20      6.5e+23      
4.13599e+21      1.95867e+22      1.78262e+20      1.7886e+20      8.70186e+18      7.37732e+20      1.67942e+17      5.00704e+18      4.9e+20      6.5e+23      
4.12346e+21      1.95813e+22      1.82526e+20      1.82834e+20      9.13167e+18      7.56259e+20      1.67767e+17      5.00707e+18      4.9e+20      6.5e+23      
4.11095e+21      1.95759e+22      1.86781e+20      1.86786e+20      9.57138e+18      7.74786e+20      1.6759e+17      5.0065e+18      4.9e+20      6.5e+23      
4.09847e+21      1.95705e+22      1.91028e+20      1.90716e+20      1.0021e+19      7.93314e+20      1.67413e+17      5.0054e+18      4.9e+20      6.5e+23      
4.08601e+21      1.95651e+22      1.95266e+20      1.94623e+20      1.04804e+19      8.11842e+20      1.67236e+17      5.00381e+18      4.9e+20      6.5e+23      
4.07357e+21      1.95597e+22      1.99497e+20      1.9851e+20      1.09496e+19      8.3037e+20      1.67058e+17      5.00179e+18      4.9e+20      6.5e+23      
4.06116e+21      1.95543e+22      2.03718e+20      2.02374e+20      1.14285e+19      8.48899e+20      1.66879e+17      4.9994e+18      4.9e+20      6.5e+23      
4.04878e+21      1.95489e+22      2.07932e+20      2.06217e+20      1.19173e+19      8.67429e+20      1.66699e+17      4.99666e+18      4.9e+20      6.5e+23      
4.03642e+21      1.95434e+22      2.12137e+20      2.10039e+20      1.24157e+19      8.85958e+20      1.66519e+17      4.99362e+18      4.9e+20      6.5e+23      
4.02408e+21      1.9538e+22      2.16334e+20      2.13839e+20      1.29239e+19      9.04488e+20      1.66339e+17      4.9903e+18      4.9e+20      6.5e+23      
4.01177e+21      1.95326e+22      2.20522e+20      2.17618e+20      1.34417e+19      9.23018e+20      1.66157e+17      4.98674e+18      4.9e+20      6.5e+23      
3.99948e+21      1.95271e+22      2.24703e+20      2.21376e+20      1.39691e+19      9.41548e+20      1.65975e+17      4.98297e+18      4.9e+20      6.5e+23      
3.98721e+21      1.95217e+22      2.28875e+20      2.25113e+20      1.45061e+19      9.60079e+20      1.65793e+17      4.97899e+18      4.9e+20      6.5e+23      
3.97498e+21      1.95162e+22      2.33038e+20      2.28828e+20      1.50527e+19      9.7861e+20      1.6561e+17      4.97485e+18      4.9e+20      6.5e+23      
3.96276e+21      1.95108e+22      2.37194e+20      2.32523e+20      1.56089e+19      9.97141e+20      1.65426e+17      4.97054e+18      4.9e+20      6.5e+23      
3.95057e+21      1.95053e+22      2.41342e+20      2.36198e+20      1.61746e+19      1.01567e+21      1.65241e+17      4.96609e+18      4.9e+20      6.5e+23      
3.9384e+21      1.94999e+22      2.45481e+20      2.39851e+20      1.67498e+19      1.0342e+21      1.65057e+17      4.96152e+18      4.9e+20      6.5e+23      
3.92626e+21      1.94944e+22      2.49612e+20      2.43484e+20      1.73344e+19      1.05273e+21      1.64871e+17      4.95683e+18      4.9e+20      6.5e+23      
3.91414e+21      1.94889e+22      2.53736e+20      2.47097e+20      1.79285e+19      1.07127e+21      1.64685e+17      4.95203e+18      4.9e+20      6.5e+23      
3.90204e+21      1.94834e+22      2.57851e+20      2.50689e+20      1.85321e+19      1.0898e+21      1.64498e+17      4.94714e+18      4.9e+20      6.5e+23      
3.88997e+21      1.9478e+22      2.61958e+20      2.54261e+20      1.9145e+19      1.10833e+21      1.64311e+17      4.94216e+18      4.9e+20      6.5e+23      
3.87792e+21      1.94725e+22      2.66057e+20      2.57813e+20      1.97673e+19      1.12686e+21      1.64123e+17      4.93711e+18      4.9e+20      6.5e+23      
3.86589e+21      1.9467e+22      2.70148e+20      2.61345e+20      2.03989e+19      1.14539e+21      1.63935e+17      4.93199e+18      4.9e+20      6.5e+23      
3.85389e+21      1.94615e+22      2.74231e+20      2.64856e+20      2.10398e+19      1.16392e+21      1.63746e+17      4.9268e+18      4.9e+20      6.5e+23      
3.84191e+21      1.9456e+22      2.78306e+20      2.68348e+20      2.169e+19      1.18246e+21      1.63556e+17      4.92155e+18      4.9e+20      6.5e+23      
3.82995e+21      1.94505e+22      2.82373e+20      2.7182e+20      2.23495e+19      1.20099e+21      1.63366e+17      4.91625e+18      4.9e+20      6.5e+23      
3.81802e+21      1.9445e+22      2.86432e+20      2.75273e+20      2.30183e+19      1.21952e+21      1.63175e+17      4.91089e+18      4.9e+20      6.5e+23      
3.80611e+21      1.94394e+22      2.90483e+20      2.78705e+20      2.36962e+19      1.23805e+21      1.62984e+17      4.90549e+18      4.9e+20      6.5e+23      
3.79423e+21      1.94339e+22      2.94527e+20      2.82118e+20      2.43834e+19      1.25658e+21      1.62793e+17      4.90005e+18      4.9e+20      6.5e+23      
3.78236e+21      1.94284e+22      2.98562e+20      2.85512e+20      2.50797e+19      1.27511e+21      1.626e+17      4.89457e+18      4.9e+20      6.5e+23      
3.77053e+21      1.94229e+22      3.0259e+20      2.88887e+20      2.57852e+19      1.29365e+21      1.62408e+17      4.88905e+18      4.9e+20      6.5e+23      
3.75871e+21      1.94173e+22      3.0661e+20      2.92242e+20      2.64998e+19      1.31218e+21      1.62214e+17      4.88349e+18      4.9e+20      6.5e+23      
3.74692e+21      1.94118e+22      3.10622e+20      2.95578e+20      2.72234e+19      1.33071e+21      1.6202e+17      4.87791e+18      4.9e+20      6.5e+23      
3.73514e+21      1.94062e+22      3.14626e+20      2.98895e+20      2.79562e+19      1.34924e+21      1.61826e+17      4.87229e+18      4.9e+20      6.5e+23      
3.7234e+21      1.94007e+22      3.18623e+20      3.02193e+20      2.8698e+19      1.36778e+21      1.61631e+17      4.86664e+18      4.9e+20      6.5e+23      
3.71167e+21      1.93951e+22      3.22611e+20      3.05472e+20      2.94489e+19      1.38631e+21      1.61436e+17      4.86097e+18      4.9e+20      6.5e+23      
3.69997e+21      1.93896e+22      3.26592e+20      3.08732e+20      3.02087e+19      1.40484e+21      1.6124e+17      4.85527e+18      4.9e+20      6.5e+23      
3.68829e+21      1.9384e+22      3.30565e+20      3.11973e+20      3.09776e+19      1.42337e+21      1.61044e+17      4.84955e+18      4.9e+20      6.5e+23      
3.67663e+21      1.93784e+22      3.34531e+20      3.15196e+20      3.17554e+19      1.4419e+21      1.60847e+17      4.8438e+18      4.9e+20      6.5e+23      
3.665e+21      1.93729e+22      3.38489e+20      3.184e+20      3.25422e+19      1.46044e+21      1.60649e+17      4.83803e+18      4.9e+20      6.5e+23      
3.65339e+21      1.93673e+22      3.42439e+20      3.21586e+20      3.33378e+19      1.47897e+21      1.60452e+17      4.83223e+18      4.9e+20      6.5e+23      
3.6418e+21      1.93617e+22      3.46381e+20      3.24753e+20      3.41424e+19      1.4975e+21      1.60253e+17      4.82642e+18      4.9e+20      6.5e+23      
3.63023e+21      1.93561e+22      3.50316e+20      3.27902e+20      3.49559e+19      1.51603e+21      1.60054e+17      4.82059e+18      4.9e+20      6.5e+23      
3.61869e+21      1.93505e+22      3.54244e+20      3.31033e+20      3.57782e+19      1.53457e+21      1.59855e+17      4.81473e+18      4.9e+20      6.5e+23      
3.60716e+21      1.93449e+22      3.58163e+20      3.34145e+20      3.66093e+19      1.5531e+21      1.59655e+17      4.80886e+18      4.9e+20      6.5e+23      
3.59567e+21      1.93393e+22      3.62075e+20      3.3724e+20      3.74493e+19      1.57163e+21      1.59455e+17      4.80297e+18      4.9e+20      6.5e+23      
3.58419e+21      1.93337e+22      3.6598e+20      3.40316e+20      3.8298e+19      1.59016e+21      1.59254e+17      4.79706e+18      4.9e+20      6.5e+23      
3.57273e+21      1.9328e+22      3.69877e+20      3.43375e+20      3.91555e+19      1.6087e+21      1.59053e+17      4.79113e+18      4.9e+20      6.5e+23      
3.5613e+21      1.93224e+22      3.73766e+20      3.46416e+20      4.00218e+19      1.62723e+21      1.58852e+17      4.78519e+18      4.9e+20      6.5e+23      
3.54989e+21      1.93168e+22      3.77648e+20      3.49439e+20      4.08968e+19      1.64576e+21      1.5865e+17      4.77923e+18      4.9e+20      6.5e+23      
3.5385e+21      1.93111e+22      3.81523e+20      3.52444e+20      4.17806e+19      1.66429e+21      1.58447e+17      4.77325e+18      4.9e+20      6.5e+23      
3.52713e+21      1.93055e+22      3.8539e+20      3.55432e+20      4.2673e+19      1.68283e+21      1.58244e+17      4.76726e+18      4.9e+20      6.5e+23      
3.51579e+21      1.92998e+22      3.89249e+20      3.58402e+20      4.35741e+19      1.70136e+21      1.58041e+17      4.76125e+18      4.9e+20      6.5e+23      
3.50446e+21      1.92942e+22      3.93101e+20      3.61355e+20      4.44839e+19      1.71989e+21      1.57837e+17      4.75523e+18      4.9e+20      6.5e+23      
3.49316e+21      1.92885e+22      3.96946e+20      3.64291e+20      4.54023e+19      1.73842e+21      1.57633e+17      4.74919e+18      4.9e+20      6.5e+23      
3.48188e+21      1.92829e+22      4.00783e+20      3.67209e+20      4.63293e+19      1.75696e+21      1.57428e+17      4.74313e+18      4.9e+20      6.5e+23      
3.47063e+21      1.92772e+22      4.04612e+20      3.7011e+20      4.72649e+19      1.77549e+21      1.57223e+17      4.73706e+18      4.9e+20      6.5e+23      
3.45939e+21      1.92715e+22      4.08435e+20      3.72994e+20      4.82091e+19      1.79402e+21      1.57017e+17      4.73098e+18      4.9e+20      6.5e+23      
3.44818e+21      1.92658e+22      4.1225e+20      3.7586e+20      4.91618e+19      1.81255e+21      1.56811e+17      4.72488e+18      4.9e+20      6.5e+23      
3.43698e+21      1.92601e+22      4.16057e+20      3.7871e+20      5.01231e+19      1.83109e+21      1.56605e+17      4.71877e+18      4.9e+20      6.5e+23      
3.42581e+21      1.92544e+22      4.19857e+20      3.81543e+20      5.10929e+19      1.84962e+21      1.56398e+17      4.71264e+18      4.9e+20      6.5e+23      
3.41466e+21      1.92487e+22      4.2365e+20      3.84359e+20      5.20712e+19      1.86815e+21      1.56191e+17      4.7065e+18      4.9e+20      6.5e+23      
3.40353e+21      1.9243e+22      4.27436e+20      3.87158e+20      5.30581e+19      1.88669e+21      1.55983e+17      4.70035e+18      4.9e+20      6.5e+23      
3.39243e+21      1.92373e+22      4.31214e+20      3.89941e+20      5.40534e+19      1.90522e+21      1.55775e+17      4.69418e+18      4.9e+20      6.5e+23      
3.38134e+21      1.92316e+22      4.34985e+20      3.92707e+20      5.50571e+19      1.92375e+21      1.55567e+17      4.688e+18      4.9e+20      6.5e+23      
3.37028e+21      1.92259e+22      4.38749e+20      3.95457e+20      5.60693e+19      1.94228e+21      1.55358e+17      4.6818e+18      4.9e+20      6.5e+23      
3.35924e+21      1.92202e+22      4.42505e+20      3.9819e+20      5.70899e+19      1.96082e+21      1.55149e+17      4.6756e+18      4.9e+20      6.5e+23      
3.34822e+21      1.92144e+22      4.46254e+20      4.00906e+20      5.81189e+19      1.97935e+21      1.54939e+17      4.66938e+18      4.9e+20      6.5e+23      
3.33722e+21      1.92087e+22      4.49996e+20      4.03607e+20      5.91563e+19      1.99788e+21      1.54729e+17      4.66314e+18      4.9e+20      6.5e+23      
3.32624e+21      1.92029e+22      4.53731e+20      4.06291e+20      6.0202e+19      2.01642e+21      1.54519e+17      4.6569e+18      4.9e+20      6.5e+23      
3.31528e+21      1.91972e+22      4.57458e+20      4.08958e+20      6.12561e+19      2.03495e+21      1.54308e+17      4.65064e+18      4.9e+20      6.5e+23      
3.30435e+21      1.91914e+22      4.61179e+20      4.1161e+20      6.23186e+19      2.05348e+21      1.54097e+17      4.64437e+18      4.9e+20      6.5e+23      
3.29343e+21      1.91856e+22      4.64892e+20      4.14246e+20      6.33893e+19      2.07201e+21      1.53886e+17      4.63808e+18      4.9e+20      6.5e+23      
3.28254e+21      1.91799e+22      4.68598e+20      4.16866e+20      6.44684e+19      2.09055e+21      1.53674e+17      4.63179e+18      4.9e+20      6.5e+23      
3.27166e+21      1.91741e+22      4.72297e+20      4.1947e+20      6.55557e+19      2.10908e+21      1.53462e+17      4.62548e+18      4.9e+20      6.5e+23      
3.26081e+21      1.91683e+22      4.75988e+20      4.22058e+20      6.66514e+19      2.12761e+21      1.53249e+17      4.61916e+18      4.9e+20      6.5e+23      
3.24998e+21      1.91625e+22      4.79673e+20      4.2463e+20      6.77553e+19      2.14615e+21      1.53036e+17      4.61283e+18      4.9e+20      6.5e+23      
3.23917e+21      1.91567e+22      4.8335e+20      4.27187e+20      6.88674e+19      2.16468e+21      1.52823e+17      4.60649e+18      4.9e+20      6.5e+23      
3.22838e+21      1.91509e+22      4.8702e+20      4.29727e+20      6.99877e+19      2.18321e+21      1.5261e+17      4.60014e+18      4.9e+20      6.5e+23      
3.21762e+21      1.91451e+22      4.90683e+20      4.32253e+20      7.11163e+19      2.20174e+21      1.52396e+17      4.59377e+18      4.9e+20      6.5e+23      
3.20687e+21      1.91393e+22      4.94339e+20      4.34763e+20      7.2253e+19      2.22028e+21      1.52181e+17      4.5874e+18      4.9e+20      6.5e+23      
3.19614e+21      1.91334e+22      4.97988e+20      4.37257e+20      7.3398e+19      2.23881e+21      1.51967e+17      4.58101e+18      4.9e+20      6.5e+23      
3.18544e+21      1.91276e+22      5.0163e+20      4.39736e+20      7.45511e+19      2.25734e+21      1.51752e+17      4.57461e+18      4.9e+20      6.5e+23      
3.17475e+21      1.91218e+22      5.05265e+20      4.422e+20      7.57123e+19      2.27588e+21      1.51537e+17      4.5682e+18      4.9e+20      6.5e+23      
3.16409e+21      1.91159e+22      5.08893e+20      4.44649e+20      7.68817e+19      2.29441e+21      1.51321e+17      4.56178e+18      4.9e+20      6.5e+23      
3.15344e+21      1.91101e+22      5.12514e+20      4.47082e+20      7.80592e+19      2.31294e+21      1.51105e+17      4.55535e+18      4.9e+20      6.5e+23      
3.14282e+21      1.91042e+22      5.16127e+20      4.49501e+20      7.92448e+19      2.33148e+21      1.50889e+17      4.5489e+18      4.9e+20      6.5e+23      
3.13222e+21      1.90984e+22      5.19734e+20      4.51904e+20      8.04385e+19      2.35001e+21      1.50672e+17      4.54245e+18      4.9e+20      6.5e+23      
3.12164e+21      1.90925e+22      5.23334e+20      4.54292e+20      8.16403e+19      2.36854e+21      1.50456e+17      4.53599e+18      4.9e+20      6.5e+23      
3.11108e+21      1.90866e+22      5.26927e+20      4.56666e+20      8.28501e+19      2.38707e+21      1.50238e+17      4.52952e+18      4.9e+20      6.5e+23      
3.10054e+21      1.90807e+22      5.30512e+20      4.59025e+20      8.4068e+19      2.40561e+21      1.50021e+17      4.52303e+18      4.9e+20      6.5e+23      
3.09002e+21      1.90748e+22      5.34091e+20      4.61368e+20      8.5294e+19      2.42414e+21      1.49803e+17      4.51654e+18      4.9e+20      6.5e+23      
3.07952e+21      1.90689e+22      5.37663e+20      4.63698e+20      8.65279e+19      2.44267e+21      1.49585e+17      4.51004e+18      4.9e+20      6.5e+23      
3.06904e+21      1.9063e+22      5.41228e+20      4.66012e+20      8.77699e+19      2.46121e+21      1.49367e+17      4.50352e+18      4.9e+20      6.5e+23      
3.05858e+21      1.90571e+22      5.44786e+20      4.68312e+20      8.90199e+19      2.47974e+21      1.49148e+17      4.497e+18      4.9e+20      6.5e+23      
3.04814e+21      1.90512e+22      5.48337e+20      4.70597e+20      9.02778e+19      2.49827e+21      1.48929e+17      4.49047e+18      4.9e+20      6.5e+23      
3.03772e+21      1.90453e+22      5.51881e+20      4.72868e+20      9.15437e+19      2.51681e+21      1.4871e+17      4.48392e+18      4.9e+20      6.5e+23      
3.02732e+21      1.90393e+22      5.55419e+20      4.75125e+20      9.28176e+19      2.53534e+21      1.4849e+17      4.47737e+18      4.9e+20      6.5e+23      
3.01695e+21      1.90334e+22      5.58949e+20      4.77367e+20      9.40995e+19      2.55387e+21      1.48271e+17      4.47081e+18      4.9e+20      6.5e+23      
3.00659e+21      1.90274e+22      5.62472e+20      4.79595e+20      9.53892e+19      2.57241e+21      1.48051e+17      4.46424e+18      4.9e+20      6.5e+23      
2.99625e+21      1.90215e+22      5.65989e+20      4.81809e+20      9.66869e+19      2.59094e+21      1.4783e+17      4.45766e+18      4.9e+20      6.5e+23      
2.98593e+21      1.90155e+22      5.69499e+20      4.84008e+20      9.79925e+19      2.60947e+21      1.4761e+17      4.45107e+18      4.9e+20      6.5e+23      
2.97564e+21      1.90096e+22      5.73002e+20      4.86194e+20      9.9306e+19      2.628e+21      1.47389e+17      4.44447e+18      4.9e+20      6.5e+23      
2.96536e+21      1.90036e+22      5.76498e+20      4.88365e+20      1.00627e+20      2.64654e+21      1.47168e+17      4.43787e+18      4.9e+20      6.5e+23      
2.9551e+21      1.89976e+22      5.79987e+20      4.90523e+20      1.01957e+20      2.66507e+21      1.46946e+17      4.43125e+18      4.9e+20      6.5e+23      
2.94487e+21      1.89916e+22      5.83469e+20      4.92666e+20      1.03294e+20      2.6836e+21      1.46725e+17      4.42463e+18      4.9e+20      6.5e+23      
2.93465e+21      1.89856e+22      5.86945e+20      4.94796e+20      1.04639e+20      2.70214e+21      1.46503e+17      4.418e+18      4.9e+20      6.5e+23      
2.92445e+21      1.89796e+22      5.90414e+20      4.96912e+20      1.05991e+20      2.72067e+21      1.46281e+17      4.41136e+18      4.9e+20      6.5e+23      
2.91428e+21      1.89736e+22      5.93875e+20      4.99014e+20      1.07352e+20      2.7392e+21      1.46058e+17      4.40471e+18      4.9e+20      6.5e+23      
2.90412e+21      1.89676e+22      5.97331e+20      5.01103e+20      1.0872e+20      2.75774e+21      1.45835e+17      4.39805e+18      4.9e+20      6.5e+23      
2.89398e+21      1.89616e+22      6.00779e+20      5.03178e+20      1.10097e+20      2.77627e+21      1.45613e+17      4.39138e+18      4.9e+20      6.5e+23      
2.88387e+21      1.89555e+22      6.04221e+20      5.05239e+20      1.11481e+20      2.7948e+21      1.45389e+17      4.38471e+18      4.9e+20      6.5e+23      
2.87377e+21      1.89495e+22      6.07655e+20      5.07287e+20      1.12873e+20      2.81334e+21      1.45166e+17      4.37803e+18      4.9e+20      6.5e+23      
2.86369e+21      1.89434e+22      6.11084e+20      5.09321e+20      1.14272e+20      2.83187e+21      1.44943e+17      4.37134e+18      4.9e+20      6.5e+23      
2.85364e+21      1.89374e+22      6.14505e+20      5.11342e+20      1.15679e+20      2.8504e+21      1.44719e+17      4.36464e+18      4.9e+20      6.5e+23      
2.8436e+21      1.89313e+22      6.17919e+20      5.1335e+20      1.17095e+20      2.86894e+21      1.44495e+17      4.35794e+18      4.9e+20      6.5e+23      
2.83358e+21      1.89252e+22      6.21327e+20      5.15344e+20      1.18517e+20      2.88747e+21      1.4427e+17      4.35123e+18      4.9e+20      6.5e+23      
2.82358e+21      1.89192e+22      6.24728e+20      5.17325e+20      1.19948e+20      2.906e+21      1.44046e+17      4.34451e+18      4.9e+20      6.5e+23      
2.8136e+21      1.89131e+22      6.28123e+20      5.19293e+20      1.21386e+20      2.92454e+21      1.43821e+17      4.33778e+18      4.9e+20      6.5e+23      
2.80365e+21      1.8907e+22      6.31511e+20      5.21248e+20      1.22832e+20      2.94307e+21      1.43596e+17      4.33105e+18      4.9e+20      6.5e+23      
2.79371e+21      1.89009e+22      6.34892e+20      5.2319e+20      1.24286e+20      2.9616e+21      1.43371e+17      4.32431e+18      4.9e+20      6.5e+23      
2.78379e+21      1.88948e+22      6.38266e+20      5.25118e+20      1.25747e+20      2.98014e+21      1.43146e+17      4.31756e+18      4.9e+20      6.5e+23      
2.77389e+21      1.88887e+22      6.41633e+20      5.27034e+20      1.27216e+20      2.99867e+21      1.4292e+17      4.3108e+18      4.9e+20      6.5e+23      
2.76401e+21      1.88825e+22      6.44994e+20      5.28937e+20      1.28693e+20      3.0172e+21      1.42695e+17      4.30404e+18      4.9e+20      6.5e+23      
2.75415e+21      1.88764e+22      6.48349e+20      5.30827e+20      1.30177e+20      3.03574e+21      1.42469e+17      4.29727e+18      4.9e+20      6.5e+23      
2.74431e+21      1.88703e+22      6.51696e+20      5.32705e+20      1.31669e+20      3.05427e+21      1.42243e+17      4.2905e+18      4.9e+20      6.5e+23      
2.73449e+21      1.88641e+22      6.55037e+20      5.34569e+20      1.33169e+20      3.0728e+21      1.42016e+17      4.28371e+18      4.9e+20      6.5e+23      
2.72469e+21      1.8858e+22      6.58372e+20      5.36421e+20      1.34676e+20      3.09134e+21      1.4179e+17      4.27693e+18      4.9e+20      6.5e+23      
2.71491e+21      1.88518e+22      6.61699e+20      5.3826e+20      1.36191e+20      3.10987e+21      1.41563e+17      4.27013e+18      4.9e+20      6.5e+23      
2.70514e+21      1.88456e+22      6.6502e+20      5.40087e+20      1.37714e+20      3.1284e+21      1.41336e+17      4.26333e+18      4.9e+20      6.5e+23      
2.6954e+21      1.88395e+22      6.68335e+20      5.41901e+20      1.39244e+20      3.14694e+21      1.41109e+17      4.25652e+18      4.9e+20      6.5e+23      
2.68568e+21      1.88333e+22      6.71642e+20      5.43703e+20      1.40781e+20      3.16547e+21      1.40882e+17      4.24971e+18      4.9e+20      6.5e+23      
2.67597e+21      1.88271e+22      6.74943e+20      5.45492e+20      1.42327e+20      3.184e+21      1.40655e+17      4.24289e+18      4.9e+20      6.5e+23      
2.66629e+21      1.88209e+22      6.78238e+20      5.47269e+20      1.43879e+20      3.20254e+21      1.40427e+17      4.23607e+18      4.9e+20      6.5e+23      
2.65662e+21      1.88147e+22      6.81526e+20      5.49034e+20      1.4544e+20      3.22107e+21      1.40199e+17      4.22923e+18      4.9e+20      6.5e+23      
2.64698e+21      1.88084e+22      6.84807e+20      5.50786e+20      1.47008e+20      3.2396e+21      1.39971e+17      4.2224e+18      4.9e+20      6.5e+23      
2.63735e+21      1.88022e+22      6.88082e+20      5.52526e+20      1.48583e+20      3.25814e+21      1.39743e+17      4.21556e+18      4.9e+20      6.5e+23      
2.62774e+21      1.8796e+22      6.9135e+20      5.54254e+20      1.50166e+20      3.27667e+21      1.39515e+17      4.20871e+18      4.9e+20      6.5e+23      
2.61816e+21      1.87897e+22      6.94612e+20      5.5597e+20      1.51757e+20      3.2952e+21      1.39287e+17      4.20185e+18      4.9e+20      6.5e+23      
2.60859e+21      1.87835e+22      6.97867e+20      5.57674e+20      1.53355e+20      3.31374e+21      1.39058e+17      4.195e+18      4.9e+20      6.5e+23      
2.59904e+21      1.87772e+22      7.01115e+20      5.59366e+20      1.54961e+20      3.33227e+21      1.3883e+17      4.18813e+18      4.9e+20      6.5e+23      
2.58951e+21      1.8771e+22      7.04357e+20      5.61046e+20      1.56574e+20      3.35081e+21      1.38601e+17      4.18126e+18      4.9e+20      6.5e+23      
2.58e+21      1.87647e+22      7.07593e+20      5.62714e+20      1.58195e+20      3.36934e+21      1.38372e+17      4.17439e+18      4.9e+20      6.5e+23      
2.57051e+21      1.87584e+22      7.10821e+20      5.6437e+20      1.59823e+20      3.38787e+21      1.38143e+17      4.16751e+18      4.9e+20      6.5e+23      
2.56104e+21      1.87521e+22      7.14044e+20      5.66015e+20      1.61458e+20      3.40641e+21      1.37913e+17      4.16063e+18      4.9e+20      6.5e+23      
2.55158e+21      1.87458e+22      7.17259e+20      5.67647e+20      1.63101e+20      3.42494e+21      1.37684e+17      4.15374e+18      4.9e+20      6.5e+23      
2.54215e+21      1.87395e+22      7.20468e+20      5.69268e+20      1.64752e+20      3.44347e+21      1.37455e+17      4.14685e+18      4.9e+20      6.5e+23      
2.53274e+21      1.87332e+22      7.23671e+20      5.70878e+20      1.6641e+20      3.46201e+21      1.37225e+17      4.13995e+18      4.9e+20      6.5e+23      
2.52334e+21      1.87268e+22      7.26867e+20      5.72475e+20      1.68075e+20      3.48054e+21      1.36995e+17      4.13305e+18      4.9e+20      6.5e+23      
2.51396e+21      1.87205e+22      7.30057e+20      5.74061e+20      1.69748e+20      3.49907e+21      1.36765e+17      4.12614e+18      4.9e+20      6.5e+23      
2.50461e+21      1.87142e+22      7.3324e+20      5.75636e+20      1.71429e+20      3.51761e+21      1.36535e+17      4.11923e+18      4.9e+20      6.5e+23      
2.49527e+21      1.87078e+22      7.36417e+20      5.77199e+20      1.73116e+20      3.53614e+21      1.36305e+17      4.11231e+18      4.9e+20      6.5e+23      
2.48595e+21      1.87014e+22      7.39587e+20      5.78751e+20      1.74812e+20      3.55467e+21      1.36075e+17      4.10539e+18      4.9e+20      6.5e+23      
2.47665e+21      1.86951e+22      7.4275e+20      5.80291e+20      1.76514e+20      3.57321e+21      1.35845e+17      4.09847e+18      4.9e+20      6.5e+23      
2.46737e+21      1.86887e+22      7.45907e+20      5.8182e+20      1.78224e+20      3.59174e+21      1.35614e+17      4.09154e+18      4.9e+20      6.5e+23      
2.45811e+21      1.86823e+22      7.49058e+20      5.83338e+20      1.79942e+20      3.61027e+21      1.35384e+17      4.08461e+18      4.9e+20      6.5e+23      
2.44887e+21      1.86759e+22      7.52202e+20      5.84845e+20      1.81667e+20      3.62881e+21      1.35153e+17      4.07768e+18      4.9e+20      6.5e+23      
2.43964e+21      1.86695e+22      7.5534e+20      5.8634e+20      1.83399e+20      3.64734e+21      1.34922e+17      4.07074e+18      4.9e+20      6.5e+23      
2.43044e+21      1.86631e+22      7.58471e+20      5.87824e+20      1.85139e+20      3.66587e+21      1.34691e+17      4.06379e+18      4.9e+20      6.5e+23      
2.42125e+21      1.86567e+22      7.61596e+20      5.89297e+20      1.86886e+20      3.68441e+21      1.3446e+17      4.05685e+18      4.9e+20      6.5e+23      

