4.65844e+21      1.97994e+22      5.2916e+17      5.67898e+17      0      1.97967e+18      6.88122e+16      6.88122e+16      4.9e+20      6.5e+23      
4.64291e+21      1.97934e+22      5.81394e+18      6.2262e+18      8.16355e+15      2.2408e+19      1.73508e+17      7.08777e+17      4.9e+20      6.5e+23      
4.62741e+21      1.97874e+22      1.10862e+19      1.18487e+19      3.11229e+16      4.30205e+19      1.74028e+17      1.2688e+18      4.9e+20      6.5e+23      
4.61195e+21      1.97814e+22      1.63459e+19      1.74362e+19      6.88141e+16      6.37037e+19      1.73864e+17      1.75872e+18      4.9e+20      6.5e+23      
4.59653e+21      1.97754e+22      2.15931e+19      2.29888e+19      1.21174e+17      8.44484e+19      1.73695e+17      2.18718e+18      4.9e+20      6.5e+23      
4.58114e+21      1.97693e+22      2.68279e+19      2.85069e+19      1.88141e+17      1.05247e+20      1.73525e+17      2.56176e+18      4.9e+20      6.5e+23      
4.56579e+21      1.97633e+22      3.20504e+19      3.39906e+19      2.69652e+17      1.26093e+20      1.73354e+17      2.88911e+18      4.9e+20      6.5e+23      
4.55047e+21      1.97573e+22      3.72605e+19      3.94401e+19      3.65648e+17      1.4698e+20      1.73181e+17      3.17507e+18      4.9e+20      6.5e+23      
4.53519e+21      1.97513e+22      4.24583e+19      4.48557e+19      4.76068e+17      1.67903e+20      1.73007e+17      3.42474e+18      4.9e+20      6.5e+23      
4.51995e+21      1.97452e+22      4.76439e+19      5.02374e+19      6.00852e+17      1.88859e+20      1.72833e+17      3.64263e+18      4.9e+20      6.5e+23      
4.50474e+21      1.97392e+22      5.28173e+19      5.55856e+19      7.39942e+17      2.09842e+20      1.72657e+17      3.83266e+18      4.9e+20      6.5e+23      
4.48957e+21      1.97331e+22      5.79785e+19      6.09004e+19      8.93278e+17      2.30849e+20      1.7248e+17      3.99828e+18      4.9e+20      6.5e+23      
4.47443e+21      1.97271e+22      6.31277e+19      6.6182e+19      1.0608e+18      2.51878e+20      1.72303e+17      4.14252e+18      4.9e+20      6.5e+23      
4.45933e+21      1.9721e+22      6.82648e+19      7.14306e+19      1.24246e+18      2.72926e+20      1.72124e+17      4.26804e+18      4.9e+20      6.5e+23      
4.44427e+21      1.9715e+22      7.339e+19      7.66464e+19      1.43819e+18      2.9399e+20      1.71944e+17      4.37715e+18      4.9e+20      6.5e+23      
4.42924e+21      1.97089e+22      7.85032e+19      8.18296e+19      1.64794e+18      3.15069e+20      1.71763e+17      4.4719e+18      4.9e+20      6.5e+23      
4.41424e+21      1.97029e+22      8.36045e+19      8.69804e+19      1.87165e+18      3.3616e+20      1.71581e+17      4.55407e+18      4.9e+20      6.5e+23      
4.39928e+21      1.96968e+22      8.86939e+19      9.20989e+19      2.10927e+18      3.57262e+20      1.71398e+17      4.62522e+18      4.9e+20      6.5e+23      
4.38436e+21      1.96907e+22      9.37715e+19      9.71853e+19      2.36075e+18      3.78373e+20      1.71214e+17      4.68673e+18      4.9e+20      6.5e+23      
4.36946e+21      1.96846e+22      9.88374e+19      1.0224e+20      2.62602e+18      3.99493e+20      1.71029e+17      4.7398e+18      4.9e+20      6.5e+23      
4.35461e+21      1.96785e+22      1.03892e+20      1.07263e+20      2.90504e+18      4.20621e+20      1.70843e+17      4.78548e+18      4.9e+20      6.5e+23      
4.33978e+21      1.96725e+22      1.08934e+20      1.12254e+20      3.19776e+18      4.41755e+20      1.70656e+17      4.82468e+18      4.9e+20      6.5e+23      
4.325e+21      1.96664e+22      1.13965e+20      1.17214e+20      3.50411e+18      4.62894e+20      1.70468e+17      4.85823e+18      4.9e+20      6.5e+23      
4.31024e+21      1.96603e+22      1.18984e+20      1.22143e+20      3.82406e+18      4.84039e+20      1.70279e+17      4.88681e+18      4.9e+20      6.5e+23      
4.29552e+21      1.96542e+22      1.23992e+20      1.27041e+20      4.15754e+18      5.05188e+20      1.70089e+17      4.91106e+18      4.9e+20      6.5e+23      
4.28084e+21      1.9648e+22      1.28988e+20      1.31908e+20      4.50451e+18      5.26341e+20      1.69898e+17      4.93151e+18      4.9e+20      6.5e+23      
4.26618e+21      1.96419e+22      1.33973e+20      1.36745e+20      4.86492e+18      5.47497e+20      1.69707e+17      4.94864e+18      4.9e+20      6.5e+23      
4.25156e+21      1.96358e+22      1.38946e+20      1.41551e+20      5.23871e+18      5.68656e+20      1.69514e+17      4.96286e+18      4.9e+20      6.5e+23      
4.23698e+21      1.96297e+22      1.43908e+20      1.46327e+20      5.62584e+18      5.89817e+20      1.6932e+17      4.97454e+18      4.9e+20      6.5e+23      
4.22243e+21      1.96235e+22      1.48858e+20      1.51072e+20      6.02626e+18      6.10981e+20      1.69126e+17      4.98399e+18      4.9e+20      6.5e+23      
4.20791e+21      1.96174e+22      1.53797e+20      1.55788e+20      6.43993e+18      6.32147e+20      1.6893e+17      4.99149e+18      4.9e+20      6.5e+23      
4.19342e+21      1.96113e+22      1.58725e+20      1.60474e+20      6.86678e+18      6.53314e+20      1.68734e+17      4.99728e+18      4.9e+20      6.5e+23      
4.17897e+21      1.96051e+22      1.63642e+20      1.6513e+20      7.30679e+18      6.74483e+20      1.68537e+17      5.00157e+18      4.9e+20      6.5e+23      
4.16455e+21      1.9599e+22      1.68548e+20      1.69757e+20      7.75989e+18      6.95653e+20      1.68339e+17      5.00456e+18      4.9e+20      6.5e+23      
4.15016e+21      1.95928e+22      1.73442e+20      1.74355e+20      8.22604e+18      7.16824e+20      1.6814e+17      5.0064e+18      4.9e+20      6.5e+23      
4.13581e+21      1.95867e+22      1.78325e+20      1.78923e+20      8.7052e+18      7.37997e+20      1.6794e+17      5.00723e+18      4.9e+20      6.5e+23      
4.12149e+21      1.95805e+22      1.83197e+20      1.83463e+20      9.19732e+18      7.5917e+20      1.67739e+17      5.00719e+18      4.9e+20      6.5e+23      
4.1072e+21      1.95743e+22      1.88058e+20      1.87973e+20      9.70236e+18      7.80344e+20      1.67538e+17      5.00638e+18      4.9e+20      6.5e+23      
4.09294e+21      1.95681e+22      1.92909e+20      1.92455e+20      1.02203e+19      8.01519e+20      1.67335e+17      5.00488e+18      4.9e+20      6.5e+23      
4.07871e+21      1.95619e+22      1.97748e+20      1.96909e+20      1.0751e+19      8.22694e+20      1.67132e+17      5.0028e+18      4.9e+20      6.5e+23      
4.06452e+21      1.95558e+22      2.02576e+20      2.01334e+20      1.12945e+19      8.4387e+20      1.66928e+17      5.00019e+18      4.9e+20      6.5e+23      
4.05036e+21      1.95496e+22      2.07393e+20      2.05731e+20      1.18508e+19      8.65046e+20      1.66723e+17      4.99713e+18      4.9e+20      6.5e+23      
4.03623e+21      1.95434e+22      2.122e+20      2.101e+20      1.24198e+19      8.86223e+20      1.66517e+17      4.99366e+18      4.9e+20      6.5e+23      
4.02213e+21      1.95371e+22      2.16995e+20      2.14441e+20      1.30014e+19      9.074e+20      1.6631e+17      4.98984e+18      4.9e+20      6.5e+23      
4.00807e+21      1.95309e+22      2.2178e+20      2.18755e+20      1.35956e+19      9.28577e+20      1.66103e+17      4.9857e+18      4.9e+20      6.5e+23      
3.99404e+21      1.95247e+22      2.26554e+20      2.23041e+20      1.42024e+19      9.49755e+20      1.65895e+17      4.9813e+18      4.9e+20      6.5e+23      
3.98003e+21      1.95185e+22      2.31317e+20      2.27299e+20      1.48217e+19      9.70933e+20      1.65686e+17      4.97664e+18      4.9e+20      6.5e+23      
3.96606e+21      1.95123e+22      2.3607e+20      2.3153e+20      1.54535e+19      9.92111e+20      1.65476e+17      4.97178e+18      4.9e+20      6.5e+23      
3.95212e+21      1.9506e+22      2.40812e+20      2.35734e+20      1.60978e+19      1.01329e+21      1.65265e+17      4.96672e+18      4.9e+20      6.5e+23      
3.93822e+21      1.94998e+22      2.45543e+20      2.39911e+20      1.67545e+19      1.03447e+21      1.65054e+17      4.96149e+18      4.9e+20      6.5e+23      
3.92434e+21      1.94935e+22      2.50264e+20      2.44061e+20      1.74235e+19      1.05565e+21      1.64842e+17      4.95612e+18      4.9e+20      6.5e+23      
3.91049e+21      1.94873e+22      2.54974e+20      2.48185e+20      1.81049e+19      1.07682e+21      1.64629e+17      4.95061e+18      4.9e+20      6.5e+23      
3.89668e+21      1.9481e+22      2.59674e+20      2.52282e+20      1.87986e+19      1.098e+21      1.64416e+17      4.94498e+18      4.9e+20      6.5e+23      
3.8829e+21      1.94747e+22      2.64363e+20      2.56352e+20      1.95045e+19      1.11918e+21      1.64201e+17      4.93924e+18      4.9e+20      6.5e+23      
3.86914e+21      1.94685e+22      2.69041e+20      2.60396e+20      2.02227e+19      1.14036e+21      1.63986e+17      4.93341e+18      4.9e+20      6.5e+23      
3.85542e+21      1.94622e+22      2.7371e+20      2.64414e+20      2.0953e+19      1.16154e+21      1.6377e+17      4.92749e+18      4.9e+20      6.5e+23      
3.84173e+21      1.94559e+22      2.78367e+20      2.68406e+20      2.16954e+19      1.18272e+21      1.63554e+17      4.9215e+18      4.9e+20      6.5e+23      
3.82807e+21      1.94496e+22      2.83015e+20      2.72373e+20      2.245e+19      1.2039e+21      1.63336e+17      4.91543e+18      4.9e+20      6.5e+23      
3.81444e+21      1.94433e+22      2.87652e+20      2.76313e+20      2.32166e+19      1.22508e+21      1.63118e+17      4.9093e+18      4.9e+20      6.5e+23      
3.80084e+21      1.9437e+22      2.92279e+20      2.80228e+20      2.39953e+19      1.24626e+21      1.629e+17      4.90311e+18      4.9e+20      6.5e+23      
3.78727e+21      1.94307e+22      2.96895e+20      2.84117e+20      2.4786e+19      1.26744e+21      1.6268e+17      4.89686e+18      4.9e+20      6.5e+23      
3.77373e+21      1.94244e+22      3.01501e+20      2.87982e+20      2.55886e+19      1.28862e+21      1.6246e+17      4.89057e+18      4.9e+20      6.5e+23      
3.76022e+21      1.9418e+22      3.06097e+20      2.91821e+20      2.64031e+19      1.3098e+21      1.62239e+17      4.88423e+18      4.9e+20      6.5e+23      
3.74674e+21      1.94117e+22      3.10683e+20      2.95634e+20      2.72295e+19      1.33098e+21      1.62018e+17      4.87784e+18      4.9e+20      6.5e+23      
3.73329e+21      1.94054e+22      3.15258e+20      2.99423e+20      2.80678e+19      1.35216e+21      1.61796e+17      4.87142e+18      4.9e+20      6.5e+23      
3.71987e+21      1.9399e+22      3.19824e+20      3.03188e+20      2.89179e+19      1.37334e+21      1.61573e+17      4.86496e+18      4.9e+20      6.5e+23      
3.70648e+21      1.93927e+22      3.24379e+20      3.06927e+20      2.97798e+19      1.39451e+21      1.61349e+17      4.85846e+18      4.9e+20      6.5e+23      
3.69311e+21      1.93863e+22      3.28924e+20      3.10642e+20      3.06535e+19      1.41569e+21      1.61125e+17      4.85193e+18      4.9e+20      6.5e+23      
3.67978e+21      1.93799e+22      3.33459e+20      3.14332e+20      3.15388e+19      1.43687e+21      1.60901e+17      4.84537e+18      4.9e+20      6.5e+23      
3.66648e+21      1.93736e+22      3.37984e+20      3.17999e+20      3.24359e+19      1.45805e+21      1.60675e+17      4.83878e+18      4.9e+20      6.5e+23      
3.65321e+21      1.93672e+22      3.42499e+20      3.21641e+20      3.33446e+19      1.47923e+21      1.60449e+17      4.83216e+18      4.9e+20      6.5e+23      
3.63997e+21      1.93608e+22      3.47004e+20      3.25259e+20      3.42649e+19      1.50041e+21      1.60222e+17      4.82552e+18      4.9e+20      6.5e+23      
3.62675e+21      1.93544e+22      3.51499e+20      3.28853e+20      3.51969e+19      1.52159e+21      1.59995e+17      4.81884e+18      4.9e+20      6.5e+23      
3.61357e+21      1.9348e+22      3.55985e+20      3.32423e+20      3.61404e+19      1.54277e+21      1.59767e+17      4.81214e+18      4.9e+20      6.5e+23      
3.60041e+21      1.93416e+22      3.6046e+20      3.3597e+20      3.70954e+19      1.56395e+21      1.59538e+17      4.80542e+18      4.9e+20      6.5e+23      
3.58729e+21      1.93352e+22      3.64925e+20      3.39493e+20      3.80619e+19      1.58513e+21      1.59309e+17      4.79868e+18      4.9e+20      6.5e+23      
3.57419e+21      1.93288e+22      3.6938e+20      3.42993e+20      3.90399e+19      1.60631e+21      1.59079e+17      4.79191e+18      4.9e+20      6.5e+23      
3.56112e+21      1.93223e+22      3.73826e+20      3.46469e+20      4.00293e+19      1.62749e+21      1.58849e+17      4.78511e+18      4.9e+20      6.5e+23      
3.54808e+21      1.93159e+22      3.78262e+20      3.49923e+20      4.10301e+19      1.64867e+21      1.58618e+17      4.7783e+18      4.9e+20      6.5e+23      
3.53507e+21      1.93095e+22      3.82688e+20      3.53353e+20      4.20423e+19      1.66985e+21      1.58387e+17      4.77147e+18      4.9e+20      6.5e+23      
3.52209e+21      1.9303e+22      3.87104e+20      3.5676e+20      4.30659e+19      1.69103e+21      1.58154e+17      4.76461e+18      4.9e+20      6.5e+23      
3.50914e+21      1.92965e+22      3.9151e+20      3.60144e+20      4.41008e+19      1.71221e+21      1.57922e+17      4.75773e+18      4.9e+20      6.5e+23      
3.49622e+21      1.92901e+22      3.95907e+20      3.63506e+20      4.51469e+19      1.73339e+21      1.57688e+17      4.75084e+18      4.9e+20      6.5e+23      
3.48332e+21      1.92836e+22      4.00294e+20      3.66845e+20      4.62044e+19      1.75457e+21      1.57455e+17      4.74392e+18      4.9e+20      6.5e+23      
3.47045e+21      1.92771e+22      4.04672e+20      3.70162e+20      4.7273e+19      1.77575e+21      1.5722e+17      4.73698e+18      4.9e+20      6.5e+23      
3.45761e+21      1.92706e+22      4.09039e+20      3.73456e+20      4.83529e+19      1.79693e+21      1.56985e+17      4.73003e+18      4.9e+20      6.5e+23      
3.4448e+21      1.92641e+22      4.13397e+20      3.76728e+20      4.9444e+19      1.81811e+21      1.5675e+17      4.72306e+18      4.9e+20      6.5e+23      
3.43202e+21      1.92576e+22      4.17746e+20      3.79978e+20      5.05462e+19      1.83929e+21      1.56514e+17      4.71606e+18      4.9e+20      6.5e+23      
3.41927e+21      1.92511e+22      4.22085e+20      3.83205e+20      5.16595e+19      1.86048e+21      1.56277e+17      4.70905e+18      4.9e+20      6.5e+23      
3.40654e+21      1.92446e+22      4.26414e+20      3.86411e+20      5.27839e+19      1.88166e+21      1.5604e+17      4.70203e+18      4.9e+20      6.5e+23      
3.39384e+21      1.92381e+22      4.30734e+20      3.89595e+20      5.39194e+19      1.90284e+21      1.55802e+17      4.69498e+18      4.9e+20      6.5e+23      
3.38117e+21      1.92315e+22      4.35044e+20      3.92757e+20      5.50659e+19      1.92402e+21      1.55564e+17      4.68792e+18      4.9e+20      6.5e+23      
3.36853e+21      1.9225e+22      4.39344e+20      3.95898e+20      5.62235e+19      1.9452e+21      1.55326e+17      4.68084e+18      4.9e+20      6.5e+23      
3.35592e+21      1.92184e+22      4.43636e+20      3.99017e+20      5.73921e+19      1.96638e+21      1.55086e+17      4.67374e+18      4.9e+20      6.5e+23      
3.34333e+21      1.92119e+22      4.47917e+20      4.02115e+20      5.85716e+19      1.98756e+21      1.54847e+17      4.66663e+18      4.9e+20      6.5e+23      
3.33077e+21      1.92053e+22      4.5219e+20      4.05192e+20      5.97621e+19      2.00874e+21      1.54607e+17      4.65949e+18      4.9e+20      6.5e+23      
3.31824e+21      1.91987e+22      4.56452e+20      4.08247e+20      6.09634e+19      2.02992e+21      1.54366e+17      4.65235e+18      4.9e+20      6.5e+23      
3.30574e+21      1.91922e+22      4.60706e+20      4.11281e+20      6.21757e+19      2.0511e+21      1.54125e+17      4.64518e+18      4.9e+20      6.5e+23      
3.29326e+21      1.91856e+22      4.6495e+20      4.14295e+20      6.33989e+19      2.07228e+21      1.53883e+17      4.638e+18      4.9e+20      6.5e+23      
3.28081e+21      1.9179e+22      4.69185e+20      4.17287e+20      6.46329e+19      2.09346e+21      1.53641e+17      4.63081e+18      4.9e+20      6.5e+23      
3.26839e+21      1.91724e+22      4.7341e+20      4.20259e+20      6.58777e+19      2.11464e+21      1.53398e+17      4.6236e+18      4.9e+20      6.5e+23      
3.256e+21      1.91657e+22      4.77626e+20      4.2321e+20      6.71333e+19      2.13582e+21      1.53155e+17      4.61637e+18      4.9e+20      6.5e+23      
3.24363e+21      1.91591e+22      4.81832e+20      4.26141e+20      6.83997e+19      2.157e+21      1.52912e+17      4.60913e+18      4.9e+20      6.5e+23      
3.23129e+21      1.91525e+22      4.8603e+20      4.29051e+20      6.96768e+19      2.17818e+21      1.52668e+17      4.60187e+18      4.9e+20      6.5e+23      
3.21898e+21      1.91458e+22      4.90218e+20      4.3194e+20      7.09647e+19      2.19936e+21      1.52423e+17      4.5946e+18      4.9e+20      6.5e+23      
3.2067e+21      1.91392e+22      4.94397e+20      4.3481e+20      7.22633e+19      2.22054e+21      1.52179e+17      4.58731e+18      4.9e+20      6.5e+23      
3.19444e+21      1.91325e+22      4.98566e+20      4.37659e+20      7.35725e+19      2.24172e+21      1.51933e+17      4.58001e+18      4.9e+20      6.5e+23      
3.18221e+21      1.91259e+22      5.02727e+20      4.40489e+20      7.48924e+19      2.2629e+21      1.51688e+17      4.5727e+18      4.9e+20      6.5e+23      
3.17001e+21      1.91192e+22      5.06878e+20      4.43298e+20      7.6223e+19      2.28408e+21      1.51441e+17      4.56536e+18      4.9e+20      6.5e+23      
3.15784e+21      1.91125e+22      5.1102e+20      4.46088e+20      7.75642e+19      2.30526e+21      1.51195e+17      4.55802e+18      4.9e+20      6.5e+23      
3.14569e+21      1.91058e+22      5.15153e+20      4.48857e+20      7.8916e+19      2.32644e+21      1.50948e+17      4.55066e+18      4.9e+20      6.5e+23      
3.13357e+21      1.90991e+22      5.19276e+20      4.51608e+20      8.02783e+19      2.34763e+21      1.50701e+17      4.54329e+18      4.9e+20      6.5e+23      
3.12147e+21      1.90924e+22      5.23391e+20      4.54338e+20      8.16512e+19      2.36881e+21      1.50453e+17      4.5359e+18      4.9e+20      6.5e+23      
3.1094e+21      1.90857e+22      5.27496e+20      4.57049e+20      8.30347e+19      2.38999e+21      1.50204e+17      4.52851e+18      4.9e+20      6.5e+23      
3.09736e+21      1.9079e+22      5.31592e+20      4.59741e+20      8.44286e+19      2.41117e+21      1.49956e+17      4.52109e+18      4.9e+20      6.5e+23      
3.08535e+21      1.90722e+22      5.3568e+20      4.62413e+20      8.58331e+19      2.43235e+21      1.49707e+17      4.51367e+18      4.9e+20      6.5e+23      
3.07336e+21      1.90655e+22      5.39758e+20      4.65067e+20      8.7248e+19      2.45353e+21      1.49457e+17      4.50623e+18      4.9e+20      6.5e+23      
3.0614e+21      1.90587e+22      5.43827e+20      4.67701e+20      8.86733e+19      2.47471e+21      1.49208e+17      4.49878e+18      4.9e+20      6.5e+23      
3.04946e+21      1.9052e+22      5.47887e+20      4.70316e+20      9.01092e+19      2.49589e+21      1.48958e+17      4.49131e+18      4.9e+20      6.5e+23      
3.03756e+21      1.90452e+22      5.51938e+20      4.72913e+20      9.15554e+19      2.51707e+21      1.48707e+17      4.48384e+18      4.9e+20      6.5e+23      
3.02567e+21      1.90384e+22      5.55979e+20      4.7549e+20      9.3012e+19      2.53825e+21      1.48456e+17      4.47635e+18      4.9e+20      6.5e+23      
3.01382e+21      1.90316e+22      5.60012e+20      4.78049e+20      9.4479e+19      2.55943e+21      1.48205e+17      4.46885e+18      4.9e+20      6.5e+23      
3.00199e+21      1.90248e+22      5.64036e+20      4.80589e+20      9.59563e+19      2.58061e+21      1.47953e+17      4.46133e+18      4.9e+20      6.5e+23      
2.99019e+21      1.9018e+22      5.68051e+20      4.83111e+20      9.7444e+19      2.60179e+21      1.47701e+17      4.45381e+18      4.9e+20      6.5e+23      
2.97841e+21      1.90112e+22      5.72057e+20      4.85614e+20      9.8942e+19      2.62297e+21      1.47449e+17      4.44627e+18      4.9e+20      6.5e+23      
2.96666e+21      1.90044e+22      5.76054e+20      4.88099e+20      1.0045e+20      2.64416e+21      1.47196e+17      4.43873e+18      4.9e+20      6.5e+23      
2.95494e+21      1.89975e+22      5.80043e+20      4.90565e+20      1.01969e+20      2.66534e+21      1.46943e+17      4.43117e+18      4.9e+20      6.5e+23      
2.94324e+21      1.89907e+22      5.84022e+20      4.93014e+20      1.03498e+20      2.68652e+21      1.4669e+17      4.42359e+18      4.9e+20      6.5e+23      
2.93157e+21      1.89838e+22      5.87992e+20      4.95444e+20      1.05037e+20      2.7077e+21      1.46436e+17      4.41601e+18      4.9e+20      6.5e+23      
2.91993e+21      1.8977e+22      5.91953e+20      4.97857e+20      1.06586e+20      2.72888e+21      1.46182e+17      4.40842e+18      4.9e+20      6.5e+23      
2.90831e+21      1.89701e+22      5.95906e+20      5.00251e+20      1.08146e+20      2.75006e+21      1.45928e+17      4.40082e+18      4.9e+20      6.5e+23      
2.89672e+21      1.89632e+22      5.9985e+20      5.02628e+20      1.09716e+20      2.77124e+21      1.45673e+17      4.3932e+18      4.9e+20      6.5e+23      
2.88515e+21      1.89563e+22      6.03785e+20      5.04987e+20      1.11295e+20      2.79242e+21      1.45418e+17      4.38558e+18      4.9e+20      6.5e+23      
2.87361e+21      1.89494e+22      6.0771e+20      5.07328e+20      1.12886e+20      2.8136e+21      1.45163e+17      4.37794e+18      4.9e+20      6.5e+23      
2.86209e+21      1.89425e+22      6.11628e+20      5.09651e+20      1.14486e+20      2.83478e+21      1.44908e+17      4.3703e+18      4.9e+20      6.5e+23      
2.8506e+21      1.89356e+22      6.15536e+20      5.11958e+20      1.16096e+20      2.85596e+21      1.44652e+17      4.36264e+18      4.9e+20      6.5e+23      
2.83914e+21      1.89286e+22      6.19436e+20      5.14246e+20      1.17717e+20      2.87714e+21      1.44396e+17      4.35497e+18      4.9e+20      6.5e+23      
2.8277e+21      1.89217e+22      6.23326e+20      5.16518e+20      1.19347e+20      2.89833e+21      1.44139e+17      4.3473e+18      4.9e+20      6.5e+23      
2.81629e+21      1.89147e+22      6.27208e+20      5.18772e+20      1.20988e+20      2.91951e+21      1.43882e+17      4.33961e+18      4.9e+20      6.5e+23      
2.80491e+21      1.89078e+22      6.31082e+20      5.21009e+20      1.22639e+20      2.94069e+21      1.43625e+17      4.33192e+18      4.9e+20      6.5e+23      
2.79355e+21      1.89008e+22      6.34946e+20      5.23229e+20      1.243e+20      2.96187e+21      1.43368e+17      4.32422e+18      4.9e+20      6.5e+23      
2.78221e+21      1.88938e+22      6.38802e+20      5.25432e+20      1.2597e+20      2.98305e+21      1.43111e+17      4.3165e+18      4.9e+20      6.5e+23      
2.77091e+21      1.88868e+22      6.42649e+20      5.27618e+20      1.27651e+20      3.00423e+21      1.42853e+17      4.30878e+18      4.9e+20      6.5e+23      
2.75962e+21      1.88798e+22      6.46487e+20      5.29788e+20      1.29342e+20      3.02541e+21      1.42595e+17      4.30105e+18      4.9e+20      6.5e+23      
2.74837e+21      1.88728e+22      6.50317e+20      5.3194e+20      1.31043e+20      3.04659e+21      1.42336e+17      4.29331e+18      4.9e+20      6.5e+23      
2.73713e+21      1.88658e+22      6.54137e+20      5.34076e+20      1.32754e+20      3.06777e+21      1.42078e+17      4.28556e+18      4.9e+20      6.5e+23      
2.72593e+21      1.88588e+22      6.5795e+20      5.36196e+20      1.34475e+20      3.08895e+21      1.41819e+17      4.27781e+18      4.9e+20      6.5e+23      
2.71475e+21      1.88517e+22      6.61753e+20      5.38299e+20      1.36205e+20      3.11014e+21      1.4156e+17      4.27004e+18      4.9e+20      6.5e+23      
2.70359e+21      1.88447e+22      6.65548e+20      5.40385e+20      1.37946e+20      3.13132e+21      1.41301e+17      4.26227e+18      4.9e+20      6.5e+23      
2.69246e+21      1.88376e+22      6.69334e+20      5.42455e+20      1.39697e+20      3.1525e+21      1.41041e+17      4.25449e+18      4.9e+20      6.5e+23      
2.68136e+21      1.88305e+22      6.73112e+20      5.44509e+20      1.41457e+20      3.17368e+21      1.40781e+17      4.2467e+18      4.9e+20      6.5e+23      
2.67028e+21      1.88234e+22      6.7688e+20      5.46547e+20      1.43228e+20      3.19486e+21      1.40521e+17      4.2389e+18      4.9e+20      6.5e+23      
2.65923e+21      1.88164e+22      6.80641e+20      5.48568e+20      1.45008e+20      3.21604e+21      1.40261e+17      4.23109e+18      4.9e+20      6.5e+23      
2.6482e+21      1.88092e+22      6.84392e+20      5.50574e+20      1.46798e+20      3.23722e+21      1.40001e+17      4.22328e+18      4.9e+20      6.5e+23      
2.63719e+21      1.88021e+22      6.88135e+20      5.52563e+20      1.48598e+20      3.2584e+21      1.3974e+17      4.21546e+18      4.9e+20      6.5e+23      
2.62622e+21      1.8795e+22      6.9187e+20      5.54537e+20      1.50408e+20      3.27958e+21      1.39479e+17      4.20764e+18      4.9e+20      6.5e+23      
2.61526e+21      1.87879e+22      6.95596e+20      5.56495e+20      1.52228e+20      3.30076e+21      1.39218e+17      4.1998e+18      4.9e+20      6.5e+23      
2.60434e+21      1.87807e+22      6.99313e+20      5.58437e+20      1.54058e+20      3.32195e+21      1.38957e+17      4.19196e+18      4.9e+20      6.5e+23      
2.59344e+21      1.87736e+22      7.03022e+20      5.60364e+20      1.55897e+20      3.34313e+21      1.38696e+17      4.18411e+18      4.9e+20      6.5e+23      
2.58256e+21      1.87664e+22      7.06722e+20      5.62275e+20      1.57746e+20      3.36431e+21      1.38434e+17      4.17626e+18      4.9e+20      6.5e+23      
2.57171e+21      1.87592e+22      7.10413e+20      5.6417e+20      1.59605e+20      3.38549e+21      1.38172e+17      4.1684e+18      4.9e+20      6.5e+23      
2.56088e+21      1.8752e+22      7.14096e+20      5.6605e+20      1.61474e+20      3.40667e+21      1.3791e+17      4.16053e+18      4.9e+20      6.5e+23      
2.55008e+21      1.87448e+22      7.17771e+20      5.67915e+20      1.63353e+20      3.42785e+21      1.37648e+17      4.15266e+18      4.9e+20      6.5e+23      
2.5393e+21      1.87376e+22      7.21437e+20      5.69764e+20      1.65241e+20      3.44903e+21      1.37386e+17      4.14478e+18      4.9e+20      6.5e+23      
2.52855e+21      1.87304e+22      7.25094e+20      5.71598e+20      1.67139e+20      3.47021e+21      1.37123e+17      4.1369e+18      4.9e+20      6.5e+23      
2.51783e+21      1.87231e+22      7.28743e+20      5.73418e+20      1.69047e+20      3.49139e+21      1.36861e+17      4.129e+18      4.9e+20      6.5e+23      
2.50712e+21      1.87159e+22      7.32383e+20      5.75222e+20      1.70964e+20      3.51258e+21      1.36598e+17      4.12111e+18      4.9e+20      6.5e+23      
2.49645e+21      1.87086e+22      7.36015e+20      5.77011e+20      1.72891e+20      3.53376e+21      1.36335e+17      4.11321e+18      4.9e+20      6.5e+23      
2.4858e+21      1.87014e+22      7.39639e+20      5.78785e+20      1.74828e+20      3.55494e+21      1.36072e+17      4.1053e+18      4.9e+20      6.5e+23      
2.47517e+21      1.86941e+22      7.43254e+20      5.80544e+20      1.76775e+20      3.57612e+21      1.35809e+17      4.09738e+18      4.9e+20      6.5e+23      
2.46457e+21      1.86868e+22      7.4686e+20      5.82289e+20      1.78731e+20      3.5973e+21      1.35545e+17      4.08947e+18      4.9e+20      6.5e+23      
2.45399e+21      1.86795e+22      7.50458e+20      5.84019e+20      1.80697e+20      3.61848e+21      1.35282e+17      4.08154e+18      4.9e+20      6.5e+23      
2.44344e+21      1.86722e+22      7.54048e+20      5.85734e+20      1.82672e+20      3.63966e+21      1.35018e+17      4.07362e+18      4.9e+20      6.5e+23      
2.43291e+21      1.86648e+22      7.57629e+20      5.87434e+20      1.84658e+20      3.66084e+21      1.34754e+17      4.06568e+18      4.9e+20      6.5e+23      
2.42241e+21      1.86575e+22      7.61201e+20      5.89121e+20      1.86653e+20      3.68203e+21      1.3449e+17      4.05775e+18      4.9e+20      6.5e+23      
2.41194e+21      1.86502e+22      7.64765e+20      5.90792e+20      1.88657e+20      3.70321e+21      1.34226e+17      4.0498e+18      4.9e+20      6.5e+23      
2.40148e+21      1.86428e+22      7.68321e+20      5.9245e+20      1.90671e+20      3.72439e+21      1.33962e+17      4.04186e+18      4.9e+20      6.5e+23      
2.39106e+21      1.86354e+22      7.71868e+20      5.94093e+20      1.92695e+20      3.74557e+21      1.33698e+17      4.03391e+18      4.9e+20      6.5e+23      
2.38065e+21      1.8628e+22      7.75407e+20      5.95722e+20      1.94728e+20      3.76675e+21      1.33433e+17      4.02595e+18      4.9e+20      6.5e+23      
2.37028e+21      1.86206e+22      7.78938e+20      5.97337e+20      1.96771e+20      3.78793e+21      1.33169e+17      4.01799e+18      4.9e+20      6.5e+23      
2.35992e+21      1.86132e+22      7.8246e+20      5.98937e+20      1.98824e+20      3.80911e+21      1.32904e+17      4.01003e+18      4.9e+20      6.5e+23      
2.34959e+21      1.86058e+22      7.85973e+20      6.00524e+20      2.00886e+20      3.83029e+21      1.3264e+17      4.00207e+18      4.9e+20      6.5e+23      
2.33929e+21      1.85984e+22      7.89479e+20      6.02097e+20      2.02958e+20      3.85148e+21      1.32375e+17      3.9941e+18      4.9e+20      6.5e+23      
2.32901e+21      1.85909e+22      7.92976e+20      6.03656e+20      2.05039e+20      3.87266e+21      1.3211e+17      3.98612e+18      4.9e+20      6.5e+23      
2.31876e+21      1.85835e+22      7.96464e+20      6.05201e+20      2.0713e+20      3.89384e+21      1.31845e+17      3.97815e+18      4.9e+20      6.5e+23      
2.30853e+21      1.8576e+22      7.99944e+20      6.06732e+20      2.0923e+20      3.91502e+21      1.3158e+17      3.97017e+18      4.9e+20      6.5e+23      
2.29832e+21      1.85685e+22      8.03416e+20      6.0825e+20      2.1134e+20      3.9362e+21      1.31315e+17      3.96218e+18      4.9e+20      6.5e+23      
2.28814e+21      1.8561e+22      8.06879e+20      6.09754e+20      2.13459e+20      3.95738e+21      1.3105e+17      3.9542e+18      4.9e+20      6.5e+23      
2.27798e+21      1.85535e+22      8.10334e+20      6.11244e+20      2.15588e+20      3.97856e+21      1.30784e+17      3.94621e+18      4.9e+20      6.5e+23      
2.26785e+21      1.8546e+22      8.13781e+20      6.12721e+20      2.17726e+20      3.99974e+21      1.30519e+17      3.93822e+18      4.9e+20      6.5e+23      
2.25775e+21      1.85385e+22      8.17219e+20      6.14185e+20      2.19874e+20      4.02093e+21      1.30254e+17      3.93023e+18      4.9e+20      6.5e+23      
2.24766e+21      1.85309e+22      8.20649e+20      6.15635e+20      2.22032e+20      4.04211e+21      1.29988e+17      3.92223e+18      4.9e+20      6.5e+23      
2.23761e+21      1.85234e+22      8.2407e+20      6.17072e+20      2.24199e+20      4.06329e+21      1.29723e+17      3.91423e+18      4.9e+20      6.5e+23      
2.22757e+21      1.85158e+22      8.27484e+20      6.18496e+20      2.26375e+20      4.08447e+21      1.29457e+17      3.90623e+18      4.9e+20      6.5e+23      
2.21756e+21      1.85082e+22      8.30888e+20      6.19907e+20      2.28561e+20      4.10565e+21      1.29192e+17      3.89823e+18      4.9e+20      6.5e+23      
2.20758e+21      1.85007e+22      8.34285e+20      6.21304e+20      2.30756e+20      4.12683e+21      1.28926e+17      3.89023e+18      4.9e+20      6.5e+23      
2.19762e+21      1.8493e+22      8.37673e+20      6.22689e+20      2.32961e+20      4.14801e+21      1.28661e+17      3.88222e+18      4.9e+20      6.5e+23      
2.18768e+21      1.84854e+22      8.41053e+20      6.2406e+20      2.35176e+20      4.16919e+21      1.28395e+17      3.87421e+18      4.9e+20      6.5e+23      
2.17777e+21      1.84778e+22      8.44425e+20      6.25419e+20      2.37399e+20      4.19038e+21      1.28129e+17      3.8662e+18      4.9e+20      6.5e+23      
2.16789e+21      1.84702e+22      8.47788e+20      6.26765e+20      2.39632e+20      4.21156e+21      1.27864e+17      3.85819e+18      4.9e+20      6.5e+23      

