4.65903e+21      1.97996e+22      3.30725e+17      3.54937e+17      0      1.2373e+18      4.30076e+16      4.30076e+16      4.9e+20      6.5e+23      
4.64931e+21      1.97959e+22      3.63534e+18      3.89593e+18      3.19033e+15      1.39359e+19      1.66549e+17      4.53998e+17      4.9e+20      6.5e+23      
4.63961e+21      1.97921e+22      6.93506e+18      7.42278e+18      1.21694e+16      2.67836e+19      1.73711e+17      8.32206e+17      4.9e+20      6.5e+23      
4.62993e+21      1.97884e+22      1.02299e+19      1.09359e+19      2.69215e+16      3.96684e+19      1.74033e+17      1.18021e+18      4.9e+20      6.5e+23      
4.62026e+21      1.97846e+22      1.35198e+19      1.44353e+19      4.7431e+16      5.25815e+19      1.73953e+17      1.50039e+18      4.9e+20      6.5e+23      
4.6106e+21      1.97809e+22      1.68048e+19      1.7921e+19      7.36825e+16      6.55201e+19      1.73849e+17      1.79492e+18      4.9e+20      6.5e+23      
4.60096e+21      1.97771e+22      2.0085e+19      2.13932e+19      1.05661e+17      7.84824e+19      1.73744e+17      2.06584e+18      4.9e+20      6.5e+23      
4.59133e+21      1.97733e+22      2.33603e+19      2.48519e+19      1.43351e+17      9.14665e+19      1.73638e+17      2.315e+18      4.9e+20      6.5e+23      
4.58172e+21      1.97696e+22      2.66307e+19      2.8297e+19      1.86737e+17      1.04471e+20      1.73531e+17      2.54412e+18      4.9e+20      6.5e+23      
4.57212e+21      1.97658e+22      2.98963e+19      3.17288e+19      2.35805e+17      1.17493e+20      1.73424e+17      2.75477e+18      4.9e+20      6.5e+23      
4.56253e+21      1.9762e+22      3.31571e+19      3.51472e+19      2.9054e+17      1.30533e+20      1.73317e+17      2.94842e+18      4.9e+20      6.5e+23      
4.55296e+21      1.97583e+22      3.64131e+19      3.85522e+19      3.50926e+17      1.43588e+20      1.73209e+17      3.1264e+18      4.9e+20      6.5e+23      
4.54341e+21      1.97545e+22      3.96643e+19      4.19439e+19      4.16949e+17      1.56658e+20      1.73101e+17      3.28996e+18      4.9e+20      6.5e+23      
4.53386e+21      1.97507e+22      4.29107e+19      4.53225e+19      4.88595e+17      1.69741e+20      1.72992e+17      3.44023e+18      4.9e+20      6.5e+23      
4.52433e+21      1.9747e+22      4.61523e+19      4.86878e+19      5.65849e+17      1.82836e+20      1.72883e+17      3.57826e+18      4.9e+20      6.5e+23      
4.51482e+21      1.97432e+22      4.93892e+19      5.204e+19      6.48696e+17      1.95942e+20      1.72773e+17      3.70502e+18      4.9e+20      6.5e+23      
4.50532e+21      1.97394e+22      5.26213e+19      5.53791e+19      7.37123e+17      2.09059e+20      1.72664e+17      3.8214e+18      4.9e+20      6.5e+23      
4.49583e+21      1.97356e+22      5.58486e+19      5.87052e+19      8.31114e+17      2.22186e+20      1.72553e+17      3.92823e+18      4.9e+20      6.5e+23      
4.48636e+21      1.97319e+22      5.90712e+19      6.20183e+19      9.30656e+17      2.35321e+20      1.72442e+17      4.02626e+18      4.9e+20      6.5e+23      
4.4769e+21      1.97281e+22      6.22892e+19      6.53184e+19      1.03574e+18      2.48464e+20      1.72331e+17      4.11618e+18      4.9e+20      6.5e+23      
4.46745e+21      1.97243e+22      6.55024e+19      6.86056e+19      1.14634e+18      2.61615e+20      1.7222e+17      4.19865e+18      4.9e+20      6.5e+23      
4.45802e+21      1.97205e+22      6.87109e+19      7.188e+19      1.26245e+18      2.74772e+20      1.72108e+17      4.27424e+18      4.9e+20      6.5e+23      
4.4486e+21      1.97167e+22      7.19147e+19      7.51416e+19      1.38405e+18      2.87936e+20      1.71995e+17      4.34352e+18      4.9e+20      6.5e+23      
4.4392e+21      1.97129e+22      7.51139e+19      7.83904e+19      1.51114e+18      3.01106e+20      1.71882e+17      4.40697e+18      4.9e+20      6.5e+23      
4.42981e+21      1.97092e+22      7.83084e+19      8.16265e+19      1.64369e+18      3.14281e+20      1.71769e+17      4.46506e+18      4.9e+20      6.5e+23      
4.42043e+21      1.97054e+22      8.14982e+19      8.485e+19      1.7817e+18      3.27461e+20      1.71656e+17      4.51822e+18      4.9e+20      6.5e+23      
4.41107e+21      1.97016e+22      8.46834e+19      8.80608e+19      1.92515e+18      3.40646e+20      1.71542e+17      4.56683e+18      4.9e+20      6.5e+23      
4.40172e+21      1.96978e+22      8.7864e+19      9.1259e+19      2.07403e+18      3.53835e+20      1.71427e+17      4.61127e+18      4.9e+20      6.5e+23      
4.39238e+21      1.9694e+22      9.104e+19      9.44447e+19      2.22832e+18      3.67027e+20      1.71312e+17      4.65185e+18      4.9e+20      6.5e+23      
4.38306e+21      1.96902e+22      9.42114e+19      9.7618e+19      2.38801e+18      3.80224e+20      1.71197e+17      4.6889e+18      4.9e+20      6.5e+23      
4.37375e+21      1.96864e+22      9.73781e+19      1.00779e+20      2.55309e+18      3.93423e+20      1.71082e+17      4.72268e+18      4.9e+20      6.5e+23      
4.36446e+21      1.96826e+22      1.0054e+20      1.03927e+20      2.72355e+18      4.06626e+20      1.70966e+17      4.75346e+18      4.9e+20      6.5e+23      
4.35518e+21      1.96788e+22      1.03698e+20      1.07063e+20      2.89936e+18      4.19831e+20      1.70849e+17      4.78148e+18      4.9e+20      6.5e+23      
4.34591e+21      1.9675e+22      1.06851e+20      1.10187e+20      3.08053e+18      4.33039e+20      1.70733e+17      4.80696e+18      4.9e+20      6.5e+23      
4.33665e+21      1.96712e+22      1.1e+20      1.13298e+20      3.26703e+18      4.46249e+20      1.70616e+17      4.8301e+18      4.9e+20      6.5e+23      
4.32741e+21      1.96673e+22      1.13143e+20      1.16398e+20      3.45885e+18      4.59461e+20      1.70498e+17      4.85109e+18      4.9e+20      6.5e+23      
4.31818e+21      1.96635e+22      1.16283e+20      1.19485e+20      3.65599e+18      4.72675e+20      1.7038e+17      4.87009e+18      4.9e+20      6.5e+23      
4.30897e+21      1.96597e+22      1.19418e+20      1.2256e+20      3.85842e+18      4.85891e+20      1.70262e+17      4.88727e+18      4.9e+20      6.5e+23      
4.29977e+21      1.96559e+22      1.22548e+20      1.25623e+20      4.06614e+18      4.99109e+20      1.70143e+17      4.90278e+18      4.9e+20      6.5e+23      
4.29058e+21      1.96521e+22      1.25674e+20      1.28673e+20      4.27913e+18      5.12328e+20      1.70024e+17      4.91674e+18      4.9e+20      6.5e+23      
4.2814e+21      1.96483e+22      1.28795e+20      1.31712e+20      4.49739e+18      5.25549e+20      1.69905e+17      4.92928e+18      4.9e+20      6.5e+23      
4.27224e+21      1.96444e+22      1.31912e+20      1.34739e+20      4.72089e+18      5.38771e+20      1.69785e+17      4.94051e+18      4.9e+20      6.5e+23      
4.26309e+21      1.96406e+22      1.35025e+20      1.37754e+20      4.94963e+18      5.51994e+20      1.69665e+17      4.95053e+18      4.9e+20      6.5e+23      
4.25395e+21      1.96368e+22      1.38133e+20      1.40757e+20      5.18359e+18      5.65218e+20      1.69545e+17      4.95945e+18      4.9e+20      6.5e+23      
4.24483e+21      1.9633e+22      1.41236e+20      1.43748e+20      5.42277e+18      5.78444e+20      1.69424e+17      4.96736e+18      4.9e+20      6.5e+23      
4.23572e+21      1.96291e+22      1.44336e+20      1.46727e+20      5.66714e+18      5.9167e+20      1.69303e+17      4.97432e+18      4.9e+20      6.5e+23      
4.22662e+21      1.96253e+22      1.4743e+20      1.49695e+20      5.91671e+18      6.04897e+20      1.69181e+17      4.98042e+18      4.9e+20      6.5e+23      
4.21754e+21      1.96215e+22      1.5052e+20      1.52651e+20      6.17145e+18      6.18125e+20      1.69059e+17      4.98572e+18      4.9e+20      6.5e+23      
4.20847e+21      1.96176e+22      1.53606e+20      1.55595e+20      6.43136e+18      6.31354e+20      1.68937e+17      4.9903e+18      4.9e+20      6.5e+23      
4.19941e+21      1.96138e+22      1.56688e+20      1.58528e+20      6.69642e+18      6.44583e+20      1.68815e+17      4.9942e+18      4.9e+20      6.5e+23      
4.19037e+21      1.961e+22      1.59765e+20      1.61449e+20      6.96662e+18      6.57813e+20      1.68692e+17      4.99748e+18      4.9e+20      6.5e+23      
4.18133e+21      1.96061e+22      1.62837e+20      1.64358e+20      7.24195e+18      6.71044e+20      1.68568e+17      5.00019e+18      4.9e+20      6.5e+23      
4.17231e+21      1.96023e+22      1.65906e+20      1.67256e+20      7.5224e+18      6.84275e+20      1.68445e+17      5.00238e+18      4.9e+20      6.5e+23      
4.16331e+21      1.95984e+22      1.6897e+20      1.70143e+20      7.80796e+18      6.97506e+20      1.68321e+17      5.00408e+18      4.9e+20      6.5e+23      
4.15431e+21      1.95946e+22      1.72029e+20      1.73018e+20      8.09862e+18      7.10738e+20      1.68196e+17      5.00534e+18      4.9e+20      6.5e+23      
4.14533e+21      1.95907e+22      1.75084e+20      1.75882e+20      8.39436e+18      7.23971e+20      1.68072e+17      5.00619e+18      4.9e+20      6.5e+23      
4.13637e+21      1.95869e+22      1.78135e+20      1.78734e+20      8.69517e+18      7.37203e+20      1.67947e+17      5.00666e+18      4.9e+20      6.5e+23      
4.12741e+21      1.9583e+22      1.81182e+20      1.81575e+20      9.00105e+18      7.50437e+20      1.67821e+17      5.00678e+18      4.9e+20      6.5e+23      
4.11847e+21      1.95792e+22      1.84224e+20      1.84405e+20      9.31198e+18      7.6367e+20      1.67696e+17      5.00659e+18      4.9e+20      6.5e+23      
4.10954e+21      1.95753e+22      1.87262e+20      1.87223e+20      9.62795e+18      7.76904e+20      1.6757e+17      5.00609e+18      4.9e+20      6.5e+23      
4.10062e+21      1.95715e+22      1.90296e+20      1.9003e+20      9.94895e+18      7.90138e+20      1.67443e+17      5.00533e+18      4.9e+20      6.5e+23      
4.09171e+21      1.95676e+22      1.93325e+20      1.92827e+20      1.0275e+19      8.03372e+20      1.67317e+17      5.00432e+18      4.9e+20      6.5e+23      
4.08282e+21      1.95637e+22      1.9635e+20      1.95612e+20      1.0606e+19      8.16606e+20      1.6719e+17      5.00308e+18      4.9e+20      6.5e+23      
4.07394e+21      1.95599e+22      1.99371e+20      1.98385e+20      1.0942e+19      8.29841e+20      1.67062e+17      5.00162e+18      4.9e+20      6.5e+23      
4.06508e+21      1.9556e+22      2.02387e+20      2.01148e+20      1.1283e+19      8.43076e+20      1.66935e+17      4.99997e+18      4.9e+20      6.5e+23      
4.05622e+21      1.95521e+22      2.05399e+20      2.039e+20      1.1629e+19      8.56311e+20      1.66807e+17      4.99813e+18      4.9e+20      6.5e+23      
4.04738e+21      1.95482e+22      2.08407e+20      2.06641e+20      1.198e+19      8.69546e+20      1.66678e+17      4.99613e+18      4.9e+20      6.5e+23      
4.03855e+21      1.95444e+22      2.11411e+20      2.09371e+20      1.23359e+19      8.82782e+20      1.6655e+17      4.99398e+18      4.9e+20      6.5e+23      
4.02973e+21      1.95405e+22      2.14411e+20      2.1209e+20      1.26968e+19      8.96017e+20      1.66421e+17      4.99168e+18      4.9e+20      6.5e+23      
4.02093e+21      1.95366e+22      2.17406e+20      2.14798e+20      1.30626e+19      9.09253e+20      1.66292e+17      4.98925e+18      4.9e+20      6.5e+23      
4.01213e+21      1.95327e+22      2.20397e+20      2.17496e+20      1.34333e+19      9.22489e+20      1.66162e+17      4.9867e+18      4.9e+20      6.5e+23      
4.00335e+21      1.95288e+22      2.23384e+20      2.20182e+20      1.38089e+19      9.35725e+20      1.66032e+17      4.98403e+18      4.9e+20      6.5e+23      
3.99459e+21      1.95249e+22      2.26367e+20      2.22858e+20      1.41894e+19      9.48961e+20      1.65902e+17      4.98127e+18      4.9e+20      6.5e+23      
3.98583e+21      1.95211e+22      2.29345e+20      2.25523e+20      1.45749e+19      9.62197e+20      1.65771e+17      4.9784e+18      4.9e+20      6.5e+23      
3.97709e+21      1.95172e+22      2.32319e+20      2.28178e+20      1.49652e+19      9.75433e+20      1.65641e+17      4.97545e+18      4.9e+20      6.5e+23      
3.96836e+21      1.95133e+22      2.3529e+20      2.30822e+20      1.53604e+19      9.88669e+20      1.65509e+17      4.97242e+18      4.9e+20      6.5e+23      
3.95964e+21      1.95094e+22      2.38255e+20      2.33455e+20      1.57604e+19      1.00191e+21      1.65378e+17      4.96931e+18      4.9e+20      6.5e+23      
3.95093e+21      1.95055e+22      2.41217e+20      2.36077e+20      1.61654e+19      1.01514e+21      1.65246e+17      4.96613e+18      4.9e+20      6.5e+23      
3.94224e+21      1.95016e+22      2.44175e+20      2.3869e+20      1.65751e+19      1.02838e+21      1.65114e+17      4.96288e+18      4.9e+20      6.5e+23      
3.93356e+21      1.94977e+22      2.47128e+20      2.41291e+20      1.69897e+19      1.04162e+21      1.64982e+17      4.95957e+18      4.9e+20      6.5e+23      
3.92489e+21      1.94938e+22      2.50078e+20      2.43882e+20      1.74091e+19      1.05485e+21      1.64849e+17      4.9562e+18      4.9e+20      6.5e+23      
3.91623e+21      1.94898e+22      2.53023e+20      2.46463e+20      1.78334e+19      1.06809e+21      1.64716e+17      4.95278e+18      4.9e+20      6.5e+23      
3.90758e+21      1.94859e+22      2.55964e+20      2.49033e+20      1.82624e+19      1.08133e+21      1.64583e+17      4.94932e+18      4.9e+20      6.5e+23      
3.89895e+21      1.9482e+22      2.58901e+20      2.51593e+20      1.86962e+19      1.09456e+21      1.6445e+17      4.9458e+18      4.9e+20      6.5e+23      
3.89033e+21      1.94781e+22      2.61834e+20      2.54143e+20      1.91349e+19      1.1078e+21      1.64316e+17      4.94224e+18      4.9e+20      6.5e+23      
3.88172e+21      1.94742e+22      2.64763e+20      2.56682e+20      1.95783e+19      1.12104e+21      1.64182e+17      4.93865e+18      4.9e+20      6.5e+23      
3.87312e+21      1.94703e+22      2.67688e+20      2.59211e+20      2.00265e+19      1.13427e+21      1.64047e+17      4.93501e+18      4.9e+20      6.5e+23      
3.86454e+21      1.94663e+22      2.70608e+20      2.6173e+20      2.04794e+19      1.14751e+21      1.63913e+17      4.93134e+18      4.9e+20      6.5e+23      
3.85596e+21      1.94624e+22      2.73525e+20      2.64239e+20      2.09371e+19      1.16075e+21      1.63778e+17      4.92764e+18      4.9e+20      6.5e+23      
3.8474e+21      1.94585e+22      2.76437e+20      2.66737e+20      2.13995e+19      1.17398e+21      1.63642e+17      4.92391e+18      4.9e+20      6.5e+23      
3.83885e+21      1.94546e+22      2.79346e+20      2.69226e+20      2.18667e+19      1.18722e+21      1.63507e+17      4.92014e+18      4.9e+20      6.5e+23      
3.83032e+21      1.94506e+22      2.8225e+20      2.71704e+20      2.23386e+19      1.20046e+21      1.63371e+17      4.91635e+18      4.9e+20      6.5e+23      
3.82179e+21      1.94467e+22      2.8515e+20      2.74172e+20      2.28152e+19      1.21369e+21      1.63235e+17      4.91254e+18      4.9e+20      6.5e+23      
3.81328e+21      1.94427e+22      2.88047e+20      2.76631e+20      2.32965e+19      1.22693e+21      1.63099e+17      4.9087e+18      4.9e+20      6.5e+23      
3.80477e+21      1.94388e+22      2.90939e+20      2.79079e+20      2.37825e+19      1.24017e+21      1.62962e+17      4.90483e+18      4.9e+20      6.5e+23      
3.79628e+21      1.94349e+22      2.93827e+20      2.81517e+20      2.42732e+19      1.25341e+21      1.62825e+17      4.90095e+18      4.9e+20      6.5e+23      
3.78781e+21      1.94309e+22      2.96711e+20      2.83945e+20      2.47686e+19      1.26664e+21      1.62688e+17      4.89704e+18      4.9e+20      6.5e+23      
3.77934e+21      1.9427e+22      2.99592e+20      2.86364e+20      2.52686e+19      1.27988e+21      1.6255e+17      4.89312e+18      4.9e+20      6.5e+23      
3.77088e+21      1.9423e+22      3.02468e+20      2.88773e+20      2.57733e+19      1.29312e+21      1.62413e+17      4.88917e+18      4.9e+20      6.5e+23      
3.76244e+21      1.94191e+22      3.0534e+20      2.91171e+20      2.62827e+19      1.30635e+21      1.62275e+17      4.88521e+18      4.9e+20      6.5e+23      
3.75401e+21      1.94151e+22      3.08208e+20      2.9356e+20      2.67967e+19      1.31959e+21      1.62136e+17      4.88123e+18      4.9e+20      6.5e+23      
3.74559e+21      1.94111e+22      3.11073e+20      2.95939e+20      2.73154e+19      1.33283e+21      1.61998e+17      4.87724e+18      4.9e+20      6.5e+23      
3.73718e+21      1.94072e+22      3.13933e+20      2.98309e+20      2.78387e+19      1.34607e+21      1.61859e+17      4.87323e+18      4.9e+20      6.5e+23      
3.72879e+21      1.94032e+22      3.16789e+20      3.00669e+20      2.83666e+19      1.3593e+21      1.6172e+17      4.8692e+18      4.9e+20      6.5e+23      
3.7204e+21      1.93993e+22      3.19641e+20      3.03019e+20      2.88991e+19      1.37254e+21      1.61581e+17      4.86516e+18      4.9e+20      6.5e+23      
3.71203e+21      1.93953e+22      3.2249e+20      3.05359e+20      2.94362e+19      1.38578e+21      1.61441e+17      4.86111e+18      4.9e+20      6.5e+23      
3.70367e+21      1.93913e+22      3.25334e+20      3.0769e+20      2.99779e+19      1.39902e+21      1.61301e+17      4.85704e+18      4.9e+20      6.5e+23      
3.69532e+21      1.93873e+22      3.28175e+20      3.10012e+20      3.05242e+19      1.41225e+21      1.61161e+17      4.85296e+18      4.9e+20      6.5e+23      
3.68698e+21      1.93834e+22      3.31011e+20      3.12323e+20      3.10751e+19      1.42549e+21      1.61021e+17      4.84887e+18      4.9e+20      6.5e+23      
3.67865e+21      1.93794e+22      3.33844e+20      3.14626e+20      3.16306e+19      1.43873e+21      1.6088e+17      4.84476e+18      4.9e+20      6.5e+23      
3.67034e+21      1.93754e+22      3.36673e+20      3.16918e+20      3.21906e+19      1.45197e+21      1.60739e+17      4.84064e+18      4.9e+20      6.5e+23      
3.66203e+21      1.93714e+22      3.39497e+20      3.19202e+20      3.27552e+19      1.4652e+21      1.60598e+17      4.83652e+18      4.9e+20      6.5e+23      
3.65374e+21      1.93674e+22      3.42318e+20      3.21476e+20      3.33243e+19      1.47844e+21      1.60457e+17      4.83238e+18      4.9e+20      6.5e+23      
3.64546e+21      1.93634e+22      3.45135e+20      3.2374e+20      3.38979e+19      1.49168e+21      1.60315e+17      4.82823e+18      4.9e+20      6.5e+23      
3.63719e+21      1.93594e+22      3.47948e+20      3.25995e+20      3.44761e+19      1.50491e+21      1.60173e+17      4.82407e+18      4.9e+20      6.5e+23      
3.62893e+21      1.93554e+22      3.50757e+20      3.28241e+20      3.50589e+19      1.51815e+21      1.60031e+17      4.8199e+18      4.9e+20      6.5e+23      
3.62069e+21      1.93514e+22      3.53563e+20      3.30478e+20      3.56461e+19      1.53139e+21      1.59889e+17      4.81572e+18      4.9e+20      6.5e+23      
3.61245e+21      1.93474e+22      3.56364e+20      3.32705e+20      3.62378e+19      1.54463e+21      1.59746e+17      4.81153e+18      4.9e+20      6.5e+23      
3.60423e+21      1.93434e+22      3.59162e+20      3.34923e+20      3.68341e+19      1.55786e+21      1.59603e+17      4.80733e+18      4.9e+20      6.5e+23      
3.59602e+21      1.93394e+22      3.61955e+20      3.37132e+20      3.74348e+19      1.5711e+21      1.5946e+17      4.80312e+18      4.9e+20      6.5e+23      
3.58782e+21      1.93354e+22      3.64745e+20      3.39331e+20      3.80401e+19      1.58434e+21      1.59317e+17      4.7989e+18      4.9e+20      6.5e+23      
3.57963e+21      1.93314e+22      3.67531e+20      3.41522e+20      3.86498e+19      1.59758e+21      1.59174e+17      4.79467e+18      4.9e+20      6.5e+23      
3.57145e+21      1.93274e+22      3.70313e+20      3.43703e+20      3.9264e+19      1.61081e+21      1.5903e+17      4.79044e+18      4.9e+20      6.5e+23      
3.56328e+21      1.93234e+22      3.73092e+20      3.45876e+20      3.98826e+19      1.62405e+21      1.58886e+17      4.78619e+18      4.9e+20      6.5e+23      
3.55513e+21      1.93193e+22      3.75866e+20      3.48039e+20      4.05057e+19      1.63729e+21      1.58742e+17      4.78194e+18      4.9e+20      6.5e+23      
3.54698e+21      1.93153e+22      3.78637e+20      3.50193e+20      4.11333e+19      1.65053e+21      1.58597e+17      4.77767e+18      4.9e+20      6.5e+23      
3.53885e+21      1.93113e+22      3.81403e+20      3.52338e+20      4.17653e+19      1.66376e+21      1.58452e+17      4.7734e+18      4.9e+20      6.5e+23      
3.53073e+21      1.93073e+22      3.84166e+20      3.54474e+20      4.24017e+19      1.677e+21      1.58308e+17      4.76913e+18      4.9e+20      6.5e+23      
3.52262e+21      1.93032e+22      3.86925e+20      3.56602e+20      4.30426e+19      1.69024e+21      1.58162e+17      4.76484e+18      4.9e+20      6.5e+23      
3.51452e+21      1.92992e+22      3.89681e+20      3.5872e+20      4.36879e+19      1.70348e+21      1.58017e+17      4.76054e+18      4.9e+20      6.5e+23      
3.50643e+21      1.92952e+22      3.92432e+20      3.60829e+20      4.43376e+19      1.71671e+21      1.57871e+17      4.75624e+18      4.9e+20      6.5e+23      
3.49835e+21      1.92911e+22      3.9518e+20      3.6293e+20      4.49917e+19      1.72995e+21      1.57726e+17      4.75193e+18      4.9e+20      6.5e+23      
3.49029e+21      1.92871e+22      3.97924e+20      3.65022e+20      4.56502e+19      1.74319e+21      1.5758e+17      4.74761e+18      4.9e+20      6.5e+23      
3.48223e+21      1.9283e+22      4.00664e+20      3.67105e+20      4.63131e+19      1.75643e+21      1.57433e+17      4.74329e+18      4.9e+20      6.5e+23      
3.47419e+21      1.9279e+22      4.034e+20      3.69179e+20      4.69804e+19      1.76967e+21      1.57287e+17      4.73895e+18      4.9e+20      6.5e+23      
3.46616e+21      1.92749e+22      4.06133e+20      3.71244e+20      4.76521e+19      1.7829e+21      1.5714e+17      4.73461e+18      4.9e+20      6.5e+23      
3.45813e+21      1.92709e+22      4.08862e+20      3.73301e+20      4.83281e+19      1.79614e+21      1.56993e+17      4.73026e+18      4.9e+20      6.5e+23      
3.45012e+21      1.92668e+22      4.11587e+20      3.75349e+20      4.90085e+19      1.80938e+21      1.56846e+17      4.72591e+18      4.9e+20      6.5e+23      
3.44212e+21      1.92627e+22      4.14308e+20      3.77388e+20      4.96933e+19      1.82262e+21      1.56699e+17      4.72155e+18      4.9e+20      6.5e+23      
3.43414e+21      1.92587e+22      4.17026e+20      3.79419e+20      5.03824e+19      1.83585e+21      1.56551e+17      4.71718e+18      4.9e+20      6.5e+23      
3.42616e+21      1.92546e+22      4.1974e+20      3.81441e+20      5.10759e+19      1.84909e+21      1.56404e+17      4.7128e+18      4.9e+20      6.5e+23      
3.41819e+21      1.92505e+22      4.2245e+20      3.83454e+20      5.17737e+19      1.86233e+21      1.56256e+17      4.70841e+18      4.9e+20      6.5e+23      
3.41024e+21      1.92465e+22      4.25156e+20      3.85459e+20      5.24759e+19      1.87557e+21      1.56107e+17      4.70402e+18      4.9e+20      6.5e+23      
3.40229e+21      1.92424e+22      4.27859e+20      3.87456e+20      5.31823e+19      1.8888e+21      1.55959e+17      4.69962e+18      4.9e+20      6.5e+23      
3.39436e+21      1.92383e+22      4.30557e+20      3.89444e+20      5.38931e+19      1.90204e+21      1.5581e+17      4.69522e+18      4.9e+20      6.5e+23      
3.38644e+21      1.92342e+22      4.33253e+20      3.91423e+20      5.46083e+19      1.91528e+21      1.55662e+17      4.69081e+18      4.9e+20      6.5e+23      
3.37852e+21      1.92301e+22      4.35944e+20      3.93394e+20      5.53277e+19      1.92852e+21      1.55513e+17      4.68639e+18      4.9e+20      6.5e+23      
3.37062e+21      1.9226e+22      4.38632e+20      3.95356e+20      5.60514e+19      1.94175e+21      1.55364e+17      4.68196e+18      4.9e+20      6.5e+23      
3.36273e+21      1.92219e+22      4.41316e+20      3.9731e+20      5.67794e+19      1.95499e+21      1.55214e+17      4.67753e+18      4.9e+20      6.5e+23      
3.35486e+21      1.92179e+22      4.43996e+20      3.99256e+20      5.75117e+19      1.96823e+21      1.55065e+17      4.67309e+18      4.9e+20      6.5e+23      
3.34699e+21      1.92138e+22      4.46673e+20      4.01194e+20      5.82483e+19      1.98147e+21      1.54915e+17      4.66865e+18      4.9e+20      6.5e+23      
3.33913e+21      1.92097e+22      4.49346e+20      4.03123e+20      5.89892e+19      1.99471e+21      1.54765e+17      4.66419e+18      4.9e+20      6.5e+23      
3.33128e+21      1.92055e+22      4.52015e+20      4.05043e+20      5.97343e+19      2.00794e+21      1.54615e+17      4.65974e+18      4.9e+20      6.5e+23      
3.32345e+21      1.92014e+22      4.5468e+20      4.06956e+20      6.04837e+19      2.02118e+21      1.54464e+17      4.65527e+18      4.9e+20      6.5e+23      
3.31562e+21      1.91973e+22      4.57342e+20      4.0886e+20      6.12374e+19      2.03442e+21      1.54314e+17      4.6508e+18      4.9e+20      6.5e+23      
3.30781e+21      1.91932e+22      4.6e+20      4.10756e+20      6.19953e+19      2.04766e+21      1.54163e+17      4.64632e+18      4.9e+20      6.5e+23      
3.30001e+21      1.91891e+22      4.62655e+20      4.12644e+20      6.27575e+19      2.06089e+21      1.54012e+17      4.64184e+18      4.9e+20      6.5e+23      
3.29221e+21      1.9185e+22      4.65306e+20      4.14524e+20      6.35239e+19      2.07413e+21      1.53861e+17      4.63735e+18      4.9e+20      6.5e+23      
3.28443e+21      1.91808e+22      4.67953e+20      4.16395e+20      6.42945e+19      2.08737e+21      1.5371e+17      4.63285e+18      4.9e+20      6.5e+23      
3.27666e+21      1.91767e+22      4.70596e+20      4.18259e+20      6.50694e+19      2.10061e+21      1.53558e+17      4.62835e+18      4.9e+20      6.5e+23      
3.2689e+21      1.91726e+22      4.73236e+20      4.20114e+20      6.58485e+19      2.11385e+21      1.53407e+17      4.62384e+18      4.9e+20      6.5e+23      
3.26115e+21      1.91685e+22      4.75873e+20      4.21961e+20      6.66318e+19      2.12708e+21      1.53255e+17      4.61933e+18      4.9e+20      6.5e+23      
3.25341e+21      1.91643e+22      4.78505e+20      4.23801e+20      6.74193e+19      2.14032e+21      1.53103e+17      4.61481e+18      4.9e+20      6.5e+23      
3.24569e+21      1.91602e+22      4.81134e+20      4.25632e+20      6.8211e+19      2.15356e+21      1.52951e+17      4.61028e+18      4.9e+20      6.5e+23      
3.23797e+21      1.9156e+22      4.83759e+20      4.27455e+20      6.90069e+19      2.1668e+21      1.52798e+17      4.60575e+18      4.9e+20      6.5e+23      
3.23026e+21      1.91519e+22      4.86381e+20      4.2927e+20      6.98071e+19      2.18003e+21      1.52646e+17      4.60121e+18      4.9e+20      6.5e+23      
3.22257e+21      1.91477e+22      4.88999e+20      4.31078e+20      7.06114e+19      2.19327e+21      1.52493e+17      4.59667e+18      4.9e+20      6.5e+23      
3.21488e+21      1.91436e+22      4.91614e+20      4.32877e+20      7.14199e+19      2.20651e+21      1.5234e+17      4.59212e+18      4.9e+20      6.5e+23      
3.20721e+21      1.91394e+22      4.94225e+20      4.34668e+20      7.22326e+19      2.21975e+21      1.52187e+17      4.58756e+18      4.9e+20      6.5e+23      
3.19954e+21      1.91353e+22      4.96832e+20      4.36452e+20      7.30494e+19      2.23299e+21      1.52034e+17      4.583e+18      4.9e+20      6.5e+23      
3.19189e+21      1.91311e+22      4.99435e+20      4.38228e+20      7.38704e+19      2.24622e+21      1.5188e+17      4.57843e+18      4.9e+20      6.5e+23      
3.18425e+21      1.91269e+22      5.02035e+20      4.39996e+20      7.46956e+19      2.25946e+21      1.51727e+17      4.57386e+18      4.9e+20      6.5e+23      
3.17661e+21      1.91228e+22      5.04632e+20      4.41756e+20      7.55249e+19      2.2727e+21      1.51573e+17      4.56928e+18      4.9e+20      6.5e+23      
3.16899e+21      1.91186e+22      5.07225e+20      4.43508e+20      7.63584e+19      2.28594e+21      1.51419e+17      4.5647e+18      4.9e+20      6.5e+23      
3.16138e+21      1.91144e+22      5.09814e+20      4.45253e+20      7.71961e+19      2.29917e+21      1.51265e+17      4.56011e+18      4.9e+20      6.5e+23      
3.15378e+21      1.91102e+22      5.124e+20      4.4699e+20      7.80378e+19      2.31241e+21      1.51111e+17      4.55551e+18      4.9e+20      6.5e+23      
3.14619e+21      1.9106e+22      5.14982e+20      4.48719e+20      7.88838e+19      2.32565e+21      1.50956e+17      4.55091e+18      4.9e+20      6.5e+23      
3.13861e+21      1.91019e+22      5.1756e+20      4.50441e+20      7.97338e+19      2.33889e+21      1.50802e+17      4.54631e+18      4.9e+20      6.5e+23      
3.13104e+21      1.90977e+22      5.20135e+20      4.52155e+20      8.0588e+19      2.35213e+21      1.50647e+17      4.5417e+18      4.9e+20      6.5e+23      
3.12348e+21      1.90935e+22      5.22706e+20      4.53861e+20      8.14463e+19      2.36536e+21      1.50492e+17      4.53708e+18      4.9e+20      6.5e+23      
3.11593e+21      1.90893e+22      5.25274e+20      4.55559e+20      8.23087e+19      2.3786e+21      1.50337e+17      4.53246e+18      4.9e+20      6.5e+23      
3.1084e+21      1.90851e+22      5.27838e+20      4.5725e+20      8.31752e+19      2.39184e+21      1.50182e+17      4.52783e+18      4.9e+20      6.5e+23      
3.10087e+21      1.90809e+22      5.30399e+20      4.58934e+20      8.40458e+19      2.40508e+21      1.50027e+17      4.5232e+18      4.9e+20      6.5e+23      
3.09335e+21      1.90767e+22      5.32956e+20      4.6061e+20      8.49206e+19      2.41832e+21      1.49871e+17      4.51857e+18      4.9e+20      6.5e+23      
3.08585e+21      1.90725e+22      5.3551e+20      4.62278e+20      8.57994e+19      2.43155e+21      1.49716e+17      4.51392e+18      4.9e+20      6.5e+23      
3.07835e+21      1.90682e+22      5.3806e+20      4.63939e+20      8.66823e+19      2.44479e+21      1.4956e+17      4.50928e+18      4.9e+20      6.5e+23      
3.07086e+21      1.9064e+22      5.40606e+20      4.65593e+20      8.75693e+19      2.45803e+21      1.49404e+17      4.50462e+18      4.9e+20      6.5e+23      
3.06339e+21      1.90598e+22      5.43149e+20      4.67239e+20      8.84604e+19      2.47127e+21      1.49248e+17      4.49997e+18      4.9e+20      6.5e+23      
3.05592e+21      1.90556e+22      5.45689e+20      4.68878e+20      8.93555e+19      2.48451e+21      1.49091e+17      4.4953e+18      4.9e+20      6.5e+23      
3.04847e+21      1.90514e+22      5.48225e+20      4.70509e+20      9.02547e+19      2.49774e+21      1.48935e+17      4.49064e+18      4.9e+20      6.5e+23      
3.04103e+21      1.90471e+22      5.50757e+20      4.72133e+20      9.1158e+19      2.51098e+21      1.48778e+17      4.48597e+18      4.9e+20      6.5e+23      
3.03359e+21      1.90429e+22      5.53286e+20      4.73749e+20      9.20654e+19      2.52422e+21      1.48622e+17      4.48129e+18      4.9e+20      6.5e+23      
3.02617e+21      1.90386e+22      5.55811e+20      4.75358e+20      9.29768e+19      2.53746e+21      1.48465e+17      4.47661e+18      4.9e+20      6.5e+23      
3.01876e+21      1.90344e+22      5.58333e+20      4.7696e+20      9.38923e+19      2.5507e+21      1.48308e+17      4.47192e+18      4.9e+20      6.5e+23      
3.01135e+21      1.90302e+22      5.60851e+20      4.78555e+20      9.48118e+19      2.56393e+21      1.48151e+17      4.46723e+18      4.9e+20      6.5e+23      
3.00396e+21      1.90259e+22      5.63366e+20      4.80142e+20      9.57354e+19      2.57717e+21      1.47993e+17      4.46253e+18      4.9e+20      6.5e+23      
2.99658e+21      1.90217e+22      5.65877e+20      4.81722e+20      9.6663e+19      2.59041e+21      1.47836e+17      4.45783e+18      4.9e+20      6.5e+23      
2.98921e+21      1.90174e+22      5.68385e+20      4.83295e+20      9.75946e+19      2.60365e+21      1.47679e+17      4.45313e+18      4.9e+20      6.5e+23      
2.98185e+21      1.90131e+22      5.70889e+20      4.84861e+20      9.85303e+19      2.61689e+21      1.47521e+17      4.44842e+18      4.9e+20      6.5e+23      
2.9745e+21      1.90089e+22      5.7339e+20      4.86419e+20      9.947e+19      2.63012e+21      1.47363e+17      4.4437e+18      4.9e+20      6.5e+23      

