0.0195312   336643
0.0585938   367421
0.0976562   397767
0.136719   427719
0.175781   457304
0.214844   486543
0.253906   515455
0.292969   544056
0.332031   572359
0.371094   600377
0.410156   628122
0.449219   655604
0.488281   682833
0.527344   709817
0.566406   736565
0.605469   763084
0.644531   789380
0.683594   815461
0.722656   841330
0.761719   866994
0.800781   892456
0.839844   917721
0.878906   942793
0.917969   967673
0.957031   992366
0.996094   1.01687e+06
1.03516   1.0412e+06
1.07422   1.06534e+06
1.11328   1.0893e+06
1.15234   1.11308e+06
1.19141   1.13669e+06
1.23047   1.16011e+06
1.26953   1.18336e+06
1.30859   1.20642e+06
1.34766   1.22931e+06
1.38672   1.25203e+06
1.42578   1.27456e+06
1.46484   1.29691e+06
1.50391   1.31908e+06
1.54297   1.34107e+06
1.58203   1.36288e+06
1.62109   1.38451e+06
1.66016   1.40595e+06
1.69922   1.4272e+06
1.73828   1.44827e+06
1.77734   1.46915e+06
1.81641   1.48984e+06
1.85547   1.51033e+06
1.89453   1.53063e+06
1.93359   1.55074e+06
1.97266   1.57065e+06
2.01172   1.59036e+06
2.05078   1.60987e+06
2.08984   1.62918e+06
2.12891   1.64829e+06
2.16797   1.66719e+06
2.20703   1.68588e+06
2.24609   1.70436e+06
2.28516   1.72263e+06
2.32422   1.74069e+06
2.36328   1.75854e+06
2.40234   1.77616e+06
2.44141   1.79357e+06
2.48047   1.81076e+06
2.51953   1.82772e+06
2.55859   1.84447e+06
2.59766   1.86098e+06
2.63672   1.87727e+06
2.67578   1.89333e+06
2.71484   1.90916e+06
2.75391   1.92476e+06
2.79297   1.94012e+06
2.83203   1.95524e+06
2.87109   1.97013e+06
2.91016   1.98478e+06
2.94922   1.99918e+06
2.98828   2.01335e+06
3.02734   2.02727e+06
3.06641   2.04094e+06
3.10547   2.05437e+06
3.14453   2.06754e+06
3.18359   2.08047e+06
3.22266   2.09315e+06
3.26172   2.10557e+06
3.30078   2.11773e+06
3.33984   2.12964e+06
3.37891   2.1413e+06
3.41797   2.15269e+06
3.45703   2.16383e+06
3.49609   2.1747e+06
3.53516   2.18531e+06
3.57422   2.19565e+06
3.61328   2.20573e+06
3.65234   2.21555e+06
3.69141   2.22509e+06
3.73047   2.23437e+06
3.76953   2.24338e+06
3.80859   2.25212e+06
3.84766   2.26058e+06
3.88672   2.26878e+06
3.92578   2.2767e+06
3.96484   2.28434e+06
4.00391   2.29171e+06
4.04297   2.2988e+06
4.08203   2.30562e+06
4.12109   2.31216e+06
4.16016   2.31842e+06
4.19922   2.3244e+06
4.23828   2.3301e+06
4.27734   2.33552e+06
4.31641   2.34065e+06
4.35547   2.34551e+06
4.39453   2.35008e+06
4.43359   2.35437e+06
4.47266   2.35838e+06
4.51172   2.3621e+06
4.55078   2.36554e+06
4.58984   2.36869e+06
4.62891   2.37155e+06
4.66797   2.37413e+06
4.70703   2.37643e+06
4.74609   2.37844e+06
4.78516   2.38016e+06
4.82422   2.3816e+06
4.86328   2.38274e+06
4.90234   2.38361e+06
4.94141   2.38418e+06
4.98047   2.38447e+06
5.01953   2.38447e+06
5.05859   2.38418e+06
5.09766   2.38361e+06
5.13672   2.38274e+06
5.17578   2.3816e+06
5.21484   2.38016e+06
5.25391   2.37844e+06
5.29297   2.37643e+06
5.33203   2.37413e+06
5.37109   2.37155e+06
5.41016   2.36869e+06
5.44922   2.36554e+06
5.48828   2.3621e+06
5.52734   2.35838e+06
5.56641   2.35437e+06
5.60547   2.35008e+06
5.64453   2.34551e+06
5.68359   2.34065e+06
5.72266   2.33552e+06
5.76172   2.3301e+06
5.80078   2.3244e+06
5.83984   2.31842e+06
5.87891   2.31216e+06
5.91797   2.30562e+06
5.95703   2.2988e+06
5.99609   2.29171e+06
6.03516   2.28434e+06
6.07422   2.2767e+06
6.11328   2.26878e+06
6.15234   2.26058e+06
6.19141   2.25212e+06
6.23047   2.24338e+06
6.26953   2.23437e+06
6.30859   2.22509e+06
6.34766   2.21555e+06
6.38672   2.20573e+06
6.42578   2.19565e+06
6.46484   2.18531e+06
6.50391   2.1747e+06
6.54297   2.16383e+06
6.58203   2.15269e+06
6.62109   2.1413e+06
6.66016   2.12964e+06
6.69922   2.11773e+06
6.73828   2.10557e+06
6.77734   2.09315e+06
6.81641   2.08047e+06
6.85547   2.06754e+06
6.89453   2.05437e+06
6.93359   2.04094e+06
6.97266   2.02727e+06
7.01172   2.01335e+06
7.05078   1.99918e+06
7.08984   1.98478e+06
7.12891   1.97013e+06
7.16797   1.95524e+06
7.20703   1.94012e+06
7.24609   1.92476e+06
7.28516   1.90916e+06
7.32422   1.89333e+06
7.36328   1.87727e+06
7.40234   1.86098e+06
7.44141   1.84447e+06
7.48047   1.82772e+06
7.51953   1.81076e+06
7.55859   1.79357e+06
7.59766   1.77616e+06
7.63672   1.75854e+06
7.67578   1.74069e+06
7.71484   1.72263e+06
7.75391   1.70436e+06
7.79297   1.68588e+06
7.83203   1.66719e+06
7.87109   1.64829e+06
7.91016   1.62918e+06
7.94922   1.60987e+06
7.98828   1.59036e+06
8.02734   1.57065e+06
8.06641   1.55074e+06
8.10547   1.53063e+06
8.14453   1.51033e+06
8.18359   1.48984e+06
8.22266   1.46915e+06
8.26172   1.44827e+06
8.30078   1.4272e+06
8.33984   1.40595e+06
8.37891   1.38451e+06
8.41797   1.36288e+06
8.45703   1.34107e+06
8.49609   1.31908e+06
8.53516   1.29691e+06
8.57422   1.27456e+06
8.61328   1.25203e+06
8.65234   1.22931e+06
8.69141   1.20642e+06
8.73047   1.18336e+06
8.76953   1.16011e+06
8.80859   1.13669e+06
8.84766   1.11308e+06
8.88672   1.0893e+06
8.92578   1.06534e+06
8.96484   1.0412e+06
9.00391   1.01687e+06
9.04297   992366
9.08203   967673
9.12109   942793
9.16016   917721
9.19922   892456
9.23828   866994
9.27734   841330
9.31641   815461
9.35547   789380
9.39453   763084
9.43359   736565
9.47266   709817
9.51172   682833
9.55078   655604
9.58984   628122
9.62891   600377
9.66797   572359
9.70703   544056
9.74609   515455
9.78516   486543
9.82422   457304
9.86328   427719
9.90234   397767
9.94141   367421
9.98047   336643

