4.65903e+21      1.97996e+22      3.31065e+17      3.43092e+17      0      1.2373e+18      4.30076e+16      4.30076e+16      4.9e+20      6.5e+23      
4.64929e+21      1.9796e+22      3.63899e+18      3.76148e+18      3.0652e+15      1.3938e+19      1.64603e+17      4.5378e+17      4.9e+20      6.5e+23      
4.63957e+21      1.97924e+22      6.94217e+18      7.16651e+18      1.16916e+16      2.67868e+19      1.7132e+17      8.31417e+17      4.9e+20      6.5e+23      
4.62987e+21      1.97888e+22      1.02406e+19      1.05584e+19      2.5865e+16      3.96725e+19      1.71591e+17      1.17855e+18      4.9e+20      6.5e+23      
4.62018e+21      1.97852e+22      1.35343e+19      1.39374e+19      4.55714e+16      5.25867e+19      1.715e+17      1.49761e+18      4.9e+20      6.5e+23      
4.6105e+21      1.97816e+22      1.68232e+19      1.73033e+19      7.07968e+16      6.55267e+19      1.71388e+17      1.79081e+18      4.9e+20      6.5e+23      
4.60083e+21      1.97779e+22      2.01074e+19      2.06563e+19      1.01527e+17      7.84905e+19      1.71275e+17      2.06023e+18      4.9e+20      6.5e+23      
4.59118e+21      1.97743e+22      2.33869e+19      2.39964e+19      1.3775e+17      9.14762e+19      1.71162e+17      2.30775e+18      4.9e+20      6.5e+23      
4.58155e+21      1.97707e+22      2.66617e+19      2.73237e+19      1.7945e+17      1.04482e+20      1.71048e+17      2.53512e+18      4.9e+20      6.5e+23      
4.57193e+21      1.97671e+22      2.99318e+19      3.06382e+19      2.26614e+17      1.17507e+20      1.70933e+17      2.74395e+18      4.9e+20      6.5e+23      

